gameid,awayruns,homeruns,total,diff
380537,3,1,4,2
380546,1,3,4,-2
380542,0,1,1,-1
380545,3,4,7,-1
380553,9,7,16,2
380548,14,10,24,4
380540,0,2,2,-2
380541,1,2,3,-1
380551,1,0,1,1
380552,2,9,11,-7
380547,3,5,8,-2
380544,1,10,11,-9
380550,9,8,17,1
380543,2,0,2,2
380549,10,3,13,7
380557,3,2,5,1
380562,4,2,6,2
380556,3,4,7,-1
380558,2,6,8,-4
380559,2,3,5,-1
380554,5,2,7,3
380561,4,5,9,-1
380560,8,3,11,5
380568,1,2,3,-1
380563,1,0,1,1
380570,6,7,13,-1
380564,6,2,8,4
380565,3,4,7,-1
380577,5,1,6,4
380575,0,1,1,-1
380576,3,0,3,3
380567,6,5,11,1
380572,3,4,7,-1
380571,1,3,4,-2
380574,2,0,2,2
380573,8,2,10,6
380569,5,1,6,4
380579,3,2,5,1
380586,7,6,13,1
380580,5,8,13,-3
380588,8,2,10,6
380582,10,9,19,1
380585,8,5,13,3
380578,4,3,7,1
380587,2,7,9,-5
380583,4,2,6,2
380584,2,3,5,-1
380591,2,1,3,1
380592,4,10,14,-6
380595,6,2,8,4
380598,7,2,9,5
380596,2,7,9,-5
380590,2,12,14,-10
380601,8,4,12,4
380593,5,7,12,-2
380602,2,12,14,-10
380597,7,3,10,4
380594,3,4,7,-1
380603,1,8,9,-7
380599,2,8,10,-6
380589,11,1,12,10
380611,7,3,10,4
380612,0,4,4,-4
380607,6,7,13,-1
380609,3,6,9,-3
380608,3,4,7,-1
380613,2,0,2,2
380615,3,1,4,2
380616,7,2,9,5
380617,6,1,7,5
380606,6,2,8,4
380604,5,1,6,4
380618,4,5,9,-1
380614,0,5,5,-5
380610,7,6,13,1
380605,4,9,13,-5
380626,10,7,17,3
380627,6,4,10,2
380622,3,1,4,2
380624,2,1,3,1
380629,4,2,6,2
380632,1,2,3,-1
380621,1,2,3,-1
380625,4,0,4,4
380633,3,0,3,3
380619,4,7,11,-3
380623,5,1,6,4
380628,3,8,11,-5
380630,3,6,9,-3
380620,5,3,8,2
380631,2,6,8,-4
380635,2,4,6,-2
380634,9,1,10,8
380639,8,3,11,5
380637,3,5,8,-2
380642,1,5,6,-4
380641,2,4,6,-2
380636,1,8,9,-7
380645,14,5,19,9
380638,10,4,14,6
380644,3,7,10,-4
380655,10,7,17,3
380653,6,8,14,-2
380650,0,5,5,-5
380649,2,5,7,-3
380651,4,0,4,4
380652,7,6,13,1
380654,1,0,1,1
380647,5,7,12,-2
380646,15,3,18,12
380648,2,3,5,-1
380643,3,5,8,-2
380666,7,4,11,3
380660,4,0,4,4
380669,3,7,10,-4
380659,4,10,14,-6
380670,2,4,6,-2
380663,7,10,17,-3
380658,5,4,9,1
380664,9,4,13,5
380662,3,7,10,-4
380665,3,4,7,-1
380667,5,7,12,-2
380661,7,6,13,1
380656,2,0,2,2
380657,7,3,10,4
380678,6,1,7,5
380679,5,4,9,1
380675,1,7,8,-6
380672,1,4,5,-3
380676,6,2,8,4
380674,6,4,10,2
380677,6,4,10,2
380673,3,7,10,-4
380671,6,5,11,1
380693,2,0,2,2
380688,3,6,9,-3
380680,4,2,6,2
380692,2,1,3,1
380694,6,7,13,-1
380685,0,1,1,-1
380686,1,10,11,-9
380682,6,9,15,-3
380691,2,4,6,-2
380681,6,3,9,3
380687,6,0,6,6
380689,4,5,9,-1
380684,0,6,6,-6
380690,4,6,10,-2
380683,5,6,11,-1
380695,4,7,11,-3
380707,1,0,1,1
380701,1,7,8,-6
380697,12,6,18,6
380696,4,10,14,-6
380698,1,0,1,1
380708,1,2,3,-1
380703,4,5,9,-1
380709,3,6,9,-3
380706,2,3,5,-1
380700,6,5,11,1
380702,8,5,13,3
380699,6,2,8,4
380704,7,6,13,1
380705,3,1,4,2
380722,4,12,16,-8
380723,11,3,14,8
380724,2,10,12,-8
380718,3,4,7,-1
380716,3,4,7,-1
380712,3,4,7,-1
380721,1,4,5,-3
380711,4,6,10,-2
380715,0,1,1,-1
380719,2,14,16,-12
380713,4,5,9,-1
380717,8,6,14,2
380714,1,5,6,-4
380720,3,0,3,3
380710,2,3,5,-1
380732,1,7,8,-6
380725,9,6,15,3
380733,9,2,11,7
380730,7,1,8,6
380731,4,0,4,4
380727,7,3,10,4
380728,3,2,5,1
380726,4,5,9,-1
380743,5,7,12,-2
380748,2,11,13,-9
380744,0,5,5,-5
380739,4,2,6,2
380747,9,3,12,6
380735,1,2,3,-1
380745,6,1,7,5
380741,9,0,9,9
380742,10,9,19,1
380738,3,2,5,1
380740,2,3,5,-1
380758,0,4,4,-4
380761,0,3,3,-3
380760,1,5,6,-4
380756,5,2,7,3
380749,1,0,1,1
380752,3,2,5,1
380763,6,3,9,3
380759,2,3,5,-1
380754,6,4,10,2
380750,6,4,10,2
380757,4,5,9,-1
380753,2,4,6,-2
380755,1,2,3,-1
380764,0,1,1,-1
380766,5,7,12,-2
380772,6,8,14,-2
380769,2,1,3,1
380767,3,1,4,2
380773,8,0,8,8
380770,2,11,13,-9
380771,10,2,12,8
380768,5,1,6,4
380765,3,1,4,2
380780,4,1,5,3
380788,1,3,4,-2
380789,3,2,5,1
380782,5,3,8,2
380775,11,6,17,5
380778,8,4,12,4
380777,6,0,6,6
380786,4,8,12,-4
380784,5,11,16,-6
380779,0,12,12,-12
380783,0,5,5,-5
380785,1,12,13,-11
380781,3,11,14,-8
380776,4,2,6,2
380787,1,2,3,-1
380803,4,3,7,1
380804,5,0,5,5
380790,2,5,7,-3
380793,2,4,6,-2
380795,4,8,12,-4
380796,3,4,7,-1
380797,8,7,15,1
380792,7,5,12,2
380801,0,7,7,-7
380799,1,16,17,-15
380794,3,6,9,-3
380791,6,8,14,-2
380800,1,3,4,-2
380802,1,3,4,-2
380819,4,6,10,-2
380805,1,2,3,-1
380807,3,4,7,-1
380816,2,3,5,-1
380818,2,3,5,-1
380812,3,2,5,1
380814,5,1,6,4
380813,8,3,11,5
380810,8,2,10,6
380809,16,2,18,14
380811,1,4,5,-3
380806,1,4,5,-3
380817,4,3,7,1
380815,10,9,19,1
380808,5,6,11,-1
380822,7,6,13,1
380826,3,4,7,-1
380820,4,2,6,2
380824,5,6,11,-1
380823,3,1,4,2
380831,0,2,2,-2
380827,2,4,6,-2
380821,1,5,6,-4
380829,3,4,7,-1
380830,2,8,10,-6
380832,4,3,7,1
380825,7,2,9,5
380828,7,0,7,7
380839,8,2,10,6
380833,7,2,9,5
380837,4,1,5,3
380835,3,9,12,-6
380836,6,8,14,-2
380846,3,0,3,3
380841,3,7,10,-4
380840,1,0,1,1
380842,9,3,12,6
380834,2,9,11,-7
380844,2,1,3,1
380845,1,2,3,-1
380847,5,4,9,1
380838,5,2,7,3
380843,3,2,5,1
380855,1,3,4,-2
380849,7,5,12,2
380860,12,10,22,2
380862,3,0,3,3
380853,3,5,8,-2
380854,3,5,8,-2
380848,4,5,9,-1
380852,5,2,7,3
380850,10,8,18,2
380851,6,4,10,2
380861,2,3,5,-1
380856,6,4,10,2
380857,1,5,6,-4
380859,2,5,7,-3
380858,2,5,7,-3
380867,1,5,6,-4
380866,2,1,3,1
380865,4,7,11,-3
380873,1,4,5,-3
380868,9,7,16,2
380863,5,2,7,3
380872,4,3,7,1
380864,11,4,15,7
380869,14,5,19,9
380870,10,1,11,9
380871,7,3,10,4
380881,5,0,5,5
380886,1,11,12,-10
380874,13,1,14,12
380875,8,1,9,7
380882,3,4,7,-1
380877,4,5,9,-1
380883,12,5,17,7
380880,10,6,16,4
380887,6,9,15,-3
380876,2,5,7,-3
380885,0,1,1,-1
380884,4,5,9,-1
380879,5,4,9,1
380888,5,6,11,-1
380878,1,5,6,-4
380901,0,4,4,-4
380889,3,4,7,-1
380890,7,6,13,1
380895,3,5,8,-2
380893,3,5,8,-2
380900,6,1,7,5
380896,2,3,5,-1
380898,6,7,13,-1
380892,1,4,5,-3
380902,4,0,4,4
380897,7,6,13,1
380891,3,5,8,-2
380899,6,5,11,1
380894,3,6,9,-3
380903,6,3,9,3
380905,1,7,8,-6
380912,0,4,4,-4
380911,9,3,12,6
380916,4,2,6,2
380907,0,1,1,-1
380913,1,5,6,-4
380917,2,9,11,-7
380906,4,0,4,4
380915,0,7,7,-7
380908,1,4,5,-3
380909,6,1,7,5
380918,5,6,11,-1
380914,2,0,2,2
380904,2,3,5,-1
380923,4,0,4,4
380925,3,7,10,-4
380922,5,3,8,2
380921,8,5,13,3
380920,3,6,9,-3
380924,6,4,10,2
380933,6,1,7,5
380937,6,3,9,3
380927,2,3,5,-1
380938,4,7,11,-3
380926,0,9,9,-9
380934,9,3,12,6
380940,4,3,7,1
380939,7,10,17,-3
380930,4,3,7,1
380932,5,4,9,1
380929,5,4,9,1
380928,4,6,10,-2
380936,0,6,6,-6
380947,3,9,12,-6
380945,5,1,6,4
380943,1,7,8,-6
380942,9,4,13,5
380941,3,9,12,-6
380949,12,1,13,11
380955,7,0,7,7
380954,2,4,6,-2
380946,6,4,10,2
380944,4,5,9,-1
380951,2,3,5,-1
380960,4,2,6,2
380956,4,5,9,-1
380958,3,8,11,-5
380962,7,3,10,4
380959,4,7,11,-3
380973,5,6,11,-1
380976,5,6,11,-1
380977,5,3,8,2
380965,5,12,17,-7
380974,10,5,15,5
380970,1,7,8,-6
380967,3,6,9,-3
380968,2,0,2,2
380972,2,1,3,1
380966,8,2,10,6
380971,4,5,9,-1
380964,3,0,3,3
380969,3,10,13,-7
380975,5,2,7,3
380963,2,0,2,2
380988,0,3,3,-3
380989,3,9,12,-6
380985,3,6,9,-3
380979,1,6,7,-5
380986,9,8,17,1
380980,0,2,2,-2
380991,6,8,14,-2
380992,2,7,9,-5
380981,9,2,11,7
380987,3,1,4,2
380982,9,7,16,2
380983,2,6,8,-4
380984,10,11,21,-1
380978,4,3,7,1
380990,3,5,8,-2
380995,4,3,7,1
381004,5,1,6,4
380997,4,5,9,-1
381000,3,2,5,1
381006,7,2,9,5
381002,4,1,5,3
380996,9,4,13,5
381001,8,7,15,1
380994,2,5,7,-3
381007,0,1,1,-1
381005,14,3,17,11
380999,5,1,6,4
380993,3,4,7,-1
380998,3,4,7,-1
381003,5,4,9,1
381012,0,4,4,-4
381017,11,10,21,1
381013,1,0,1,1
381020,3,0,3,3
381010,0,2,2,-2
381018,4,3,7,1
381015,3,4,7,-1
381009,3,1,4,2
381008,3,8,11,-5
381019,2,8,10,-6
381016,4,2,6,2
381014,1,4,5,-3
381011,5,6,11,-1
381027,8,3,11,5
381032,1,2,3,-1
381028,2,4,6,-2
381035,6,5,11,1
381025,4,11,15,-7
381024,3,4,7,-1
381022,5,3,8,2
381033,1,2,3,-1
381030,0,3,3,-3
381023,5,1,6,4
381021,7,5,12,2
381034,1,12,13,-11
381031,8,3,11,5
381029,4,3,7,1
381026,3,1,4,2
381049,3,4,7,-1
381046,0,1,1,-1
381043,2,3,5,-1
381036,3,2,5,1
381042,8,0,8,8
381044,3,4,7,-1
381047,0,10,10,-10
381041,2,3,5,-1
381039,3,4,7,-1
381037,4,3,7,1
381050,7,1,8,6
381040,9,2,11,7
381038,3,8,11,-5
381045,9,2,11,7
381057,4,9,13,-5
381054,6,2,8,4
381058,6,12,18,-6
381051,3,1,4,2
381053,0,5,5,-5
381052,12,5,17,7
381055,0,1,1,-1
381059,3,1,4,2
381056,3,1,4,2
381066,3,4,7,-1
381073,4,6,10,-2
381060,4,3,7,1
381069,2,1,3,1
381065,3,4,7,-1
381064,6,3,9,3
381071,3,2,5,1
381063,2,3,5,-1
381062,0,8,8,-8
381061,3,9,12,-6
381070,5,3,8,2
381074,0,8,8,-8
381067,6,1,7,5
381072,3,1,4,2
381068,1,10,11,-9
381075,5,3,8,2
381084,3,9,12,-6
381087,2,6,8,-4
381081,4,5,9,-1
381088,3,4,7,-1
381080,11,2,13,9
381079,1,7,8,-6
381086,5,4,9,1
381078,0,2,2,-2
381076,4,3,7,1
381085,4,5,9,-1
381077,8,3,11,5
381083,3,9,12,-6
381089,3,4,7,-1
381082,1,3,4,-2
381090,9,3,12,6
381099,4,3,7,1
381095,1,4,5,-3
381101,4,5,9,-1
381096,5,2,7,3
381093,2,5,7,-3
381094,6,5,11,1
381091,5,1,6,4
381100,5,6,11,-1
381092,5,2,7,3
381104,1,9,10,-8
381097,9,7,16,2
381102,7,4,11,3
381098,4,5,9,-1
381103,6,5,11,1
381109,4,1,5,3
381111,9,7,16,2
381105,3,7,10,-4
381108,17,5,22,12
381113,4,0,4,4
381114,6,5,11,1
381107,4,5,9,-1
381112,5,12,17,-7
381110,5,6,11,-1
381106,2,4,6,-2
381122,4,1,5,3
381115,4,3,7,1
381124,12,7,19,5
381120,4,5,9,-1
381126,2,1,3,1
381121,1,5,6,-4
381128,0,8,8,-8
381117,6,8,14,-2
381125,2,5,7,-3
381119,3,4,7,-1
381129,1,3,4,-2
381118,0,11,11,-11
381127,2,1,3,1
381123,1,7,8,-6
381116,5,0,5,5
381137,7,5,12,2
381130,3,0,3,3
381136,2,3,5,-1
381133,4,2,6,2
381144,5,1,6,4
381142,2,0,2,2
381131,4,10,14,-6
381135,15,4,19,11
381139,4,0,4,4
381143,4,5,9,-1
381132,9,4,13,5
381140,4,1,5,3
381138,13,3,16,10
381146,3,4,7,-1
381151,3,4,7,-1
381147,3,5,8,-2
381148,2,4,6,-2
381150,1,0,1,1
381145,2,1,3,1
381153,5,6,11,-1
381149,4,6,10,-2
381161,4,3,7,1
381162,2,5,7,-3
381163,11,1,12,10
381157,3,0,3,3
381158,1,0,1,1
381168,2,0,2,2
381155,4,0,4,4
381166,4,5,9,-1
381156,7,2,9,5
381154,2,5,7,-3
381165,1,3,4,-2
381159,7,0,7,7
381167,3,0,3,3
381160,7,5,12,2
381169,1,4,5,-3
381176,0,3,3,-3
381177,5,2,7,3
381179,1,7,8,-6
381171,5,6,11,-1
381178,6,2,8,4
381172,1,12,13,-11
381173,6,1,7,5
381170,0,1,1,-1
381181,3,4,7,-1
381183,4,2,6,2
381174,7,18,25,-11
381180,8,5,13,3
381182,0,6,6,-6
381175,5,0,5,5
381193,13,3,16,10
381192,3,6,9,-3
381187,3,8,11,-5
381185,6,8,14,-2
381196,6,2,8,4
381186,2,8,10,-6
381184,6,5,11,1
381191,2,4,6,-2
381198,2,6,8,-4
381197,2,6,8,-4
381190,1,4,5,-3
381189,3,5,8,-2
381195,6,8,14,-2
381188,6,2,8,4
381201,4,5,9,-1
381200,4,3,7,1
381203,3,9,12,-6
381199,7,6,13,1
381202,5,2,7,3
381208,2,6,8,-4
381207,4,9,13,-5
381205,9,2,11,7
381210,9,4,13,5
381214,3,0,3,3
381218,7,4,11,3
381215,6,5,11,1
381211,0,5,5,-5
381216,6,2,8,4
381213,1,6,7,-5
381206,7,6,13,1
381204,0,5,5,-5
381217,4,5,9,-1
381209,3,9,12,-6
381212,5,3,8,2
381223,10,11,21,-1
381231,3,4,7,-1
381228,4,2,6,2
381222,2,1,3,1
381220,8,9,17,-1
381225,4,3,7,1
381229,3,2,5,1
381233,6,4,10,2
381230,5,14,19,-9
381226,6,1,7,5
381221,1,3,4,-2
381219,2,3,5,-1
381232,5,1,6,4
381227,2,0,2,2
381224,1,2,3,-1
381242,3,4,7,-1
381244,9,2,11,7
381245,7,2,9,5
381241,2,5,7,-3
381236,8,7,15,1
381246,1,3,4,-2
381238,3,5,8,-2
381239,4,5,9,-1
381234,2,4,6,-2
381240,2,3,5,-1
381235,5,1,6,4
381237,1,3,4,-2
381250,4,8,12,-4
381261,3,4,7,-1
381254,2,0,2,2
381258,2,3,5,-1
381260,2,7,9,-5
381259,3,5,8,-2
381248,0,1,1,-1
381255,9,5,14,4
381251,2,3,5,-1
381257,5,6,11,-1
381253,1,6,7,-5
381249,1,11,12,-10
381252,1,6,7,-5
381256,2,6,8,-4
381265,9,0,9,9
381273,2,5,7,-3
381272,4,3,7,1
381269,3,5,8,-2
381275,12,2,14,10
381262,3,2,5,1
381263,5,6,11,-1
381266,3,1,4,2
381270,1,2,3,-1
381268,7,4,11,3
381276,2,3,5,-1
381274,6,3,9,3
381271,1,2,3,-1
381264,3,2,5,1
381267,9,4,13,5
381288,1,3,4,-2
381290,12,4,16,8
381285,7,1,8,6
381280,2,4,6,-2
381291,5,2,7,3
381284,6,0,6,6
381278,5,8,13,-3
381287,7,1,8,6
381283,3,4,7,-1
381286,1,8,9,-7
381279,3,4,7,-1
381282,4,1,5,3
381281,0,7,7,-7
381289,4,0,4,4
381303,5,3,8,2
381294,8,6,14,2
381301,3,2,5,1
381306,7,2,9,5
381297,2,6,8,-4
381293,7,6,13,1
381299,0,10,10,-10
381295,8,4,12,4
381292,1,5,6,-4
381302,6,4,10,2
381298,0,9,9,-9
381305,5,10,15,-5
381300,9,2,11,7
381296,3,4,7,-1
381304,5,7,12,-2
381313,6,2,8,4
381320,6,9,15,-3
381318,2,4,6,-2
381309,6,3,9,3
381315,3,0,3,3
381321,3,4,7,-1
381312,1,2,3,-1
381308,6,7,13,-1
381317,0,6,6,-6
381319,4,3,7,1
381314,6,5,11,1
381311,3,6,9,-3
381307,6,4,10,2
381310,0,4,4,-4
381333,0,5,5,-5
381330,9,3,12,6
381325,0,5,5,-5
381328,3,6,9,-3
381331,8,5,13,3
381335,2,3,5,-1
381323,0,4,4,-4
381336,1,0,1,1
381327,2,3,5,-1
381324,3,8,11,-5
381332,7,4,11,3
381334,6,12,18,-6
381329,1,3,4,-2
381326,3,2,5,1
381322,1,3,4,-2
381346,5,4,9,1
381341,5,4,9,1
381343,4,1,5,3
381342,8,6,14,2
381338,3,4,7,-1
381339,1,3,4,-2
381345,6,5,11,1
381340,0,4,4,-4
381344,6,3,9,3
381337,7,5,12,2
381352,2,5,7,-3
381361,2,9,11,-7
381356,5,6,11,-1
381355,6,1,7,5
381354,6,1,7,5
381360,2,3,5,-1
381348,3,2,5,1
381349,1,2,3,-1
381358,4,1,5,3
381350,5,11,16,-6
381359,9,4,13,5
381351,6,4,10,2
381347,5,9,14,-4
381357,2,1,3,1
381353,6,3,9,3
381376,2,10,12,-8
381370,1,3,4,-2
381369,2,12,14,-10
381373,4,2,6,2
381374,0,2,2,-2
381367,6,7,13,-1
381371,5,4,9,1
381364,4,1,5,3
381363,9,5,14,4
381365,8,0,8,8
381372,2,12,14,-10
381375,1,7,8,-6
381362,3,11,14,-8
381366,5,0,5,5
381368,2,3,5,-1
381382,4,6,10,-2
381385,7,2,9,5
381384,0,4,4,-4
381378,4,2,6,2
381390,0,4,4,-4
381391,2,0,2,2
381386,4,3,7,1
381379,9,4,13,5
381388,1,4,5,-3
381380,0,9,9,-9
381389,8,0,8,8
381377,3,6,9,-3
381381,4,3,7,1
381383,0,4,4,-4
381387,5,3,8,2
381392,2,3,5,-1
380948,11,2,13,9
380952,10,2,12,8
381397,1,3,4,-2
381395,2,6,8,-4
381394,6,0,6,6
381396,10,3,13,7
381393,2,5,7,-3
381401,3,5,8,-2
381407,0,7,7,-7
381406,5,2,7,3
381412,5,3,8,2
381410,3,8,11,-5
381409,7,5,12,2
381411,0,1,1,-1
381403,8,7,15,1
381405,1,2,3,-1
381400,8,3,11,5
381398,2,7,9,-5
381404,6,4,10,2
381399,4,2,6,2
381408,4,1,5,3
381402,4,1,5,3
381424,2,0,2,2
381423,2,3,5,-1
381416,4,7,11,-3
381422,4,8,12,-4
381421,7,4,11,3
381427,8,2,10,6
381425,3,2,5,1
381418,5,4,9,1
381420,4,5,9,-1
381415,6,5,11,1
381413,4,0,4,4
381426,5,2,7,3
381419,4,6,10,-2
381414,16,8,24,8
381417,2,1,3,1
381436,6,1,7,5
381434,1,2,3,-1
381438,7,3,10,4
381435,2,4,6,-2
381431,11,6,17,5
381433,4,7,11,-3
381428,5,8,13,-3
381430,6,8,14,-2
381437,2,3,5,-1
381432,8,5,13,3
381429,12,7,19,5
381445,3,5,8,-2
381449,4,3,7,1
381446,5,15,20,-10
381452,1,3,4,-2
381440,2,6,8,-4
381451,0,4,4,-4
381450,8,0,8,8
381442,4,6,10,-2
381443,5,4,9,1
381447,4,2,6,2
381444,7,2,9,5
381439,5,2,7,3
381441,4,8,12,-4
381453,6,0,6,6
381448,2,4,6,-2
381467,5,0,5,5
381458,0,8,8,-8
381457,8,3,11,5
381460,2,5,7,-3
381461,9,3,12,6
381459,4,5,9,-1
381466,7,4,11,3
381465,5,6,11,-1
381455,6,8,14,-2
381464,3,6,9,-3
381462,4,8,12,-4
381463,4,5,9,-1
381456,5,6,11,-1
381468,3,4,7,-1
381454,3,4,7,-1
381482,5,0,5,5
381480,1,4,5,-3
381479,11,1,12,10
381476,1,0,1,1
381481,5,0,5,5
381473,14,5,19,9
381477,1,2,3,-1
381475,4,3,7,1
381472,3,2,5,1
381471,2,4,6,-2
381478,4,6,10,-2
381483,6,0,6,6
381469,5,6,11,-1
381470,5,3,8,2
381494,3,0,3,3
381485,0,4,4,-4
381486,2,6,8,-4
381491,4,5,9,-1
381490,6,2,8,4
381487,17,7,24,10
381488,5,6,11,-1
381484,3,1,4,2
381489,4,3,7,1
381493,1,4,5,-3
381495,9,2,11,7
381501,1,4,5,-3
381497,1,0,1,1
381498,7,3,10,4
381508,2,5,7,-3
381505,4,0,4,4
381502,6,1,7,5
381509,1,0,1,1
381504,2,6,8,-4
381503,8,5,13,3
381499,5,9,14,-4
381496,13,10,23,3
381507,1,2,3,-1
381506,3,2,5,1
381510,2,1,3,1
381520,7,2,9,5
381515,1,4,5,-3
381513,0,6,6,-6
381514,2,4,6,-2
381523,0,3,3,-3
381517,0,5,5,-5
381524,3,6,9,-3
381519,3,1,4,2
381518,0,6,6,-6
381511,1,5,6,-4
381516,2,8,10,-6
381512,2,8,10,-6
381522,7,1,8,6
381521,4,2,6,2
381525,6,2,8,4
381531,1,4,5,-3
381534,3,7,10,-4
381527,3,10,13,-7
381536,1,7,8,-6
381528,0,4,4,-4
381535,2,4,6,-2
381529,2,5,7,-3
381532,5,1,6,4
381526,4,5,9,-1
381530,4,0,4,4
381533,6,3,9,3
381550,4,0,4,4
381539,2,1,3,1
381544,2,0,2,2
381541,3,10,13,-7
381547,2,6,8,-4
381546,8,6,14,2
381537,3,4,7,-1
381548,6,1,7,5
381543,7,2,9,5
381540,6,5,11,1
381551,0,1,1,-1
381545,7,0,7,7
381538,3,4,7,-1
381549,1,0,1,1
381542,7,4,11,3
381558,9,1,10,8
381554,4,7,11,-3
381556,3,2,5,1
381557,5,4,9,1
381565,2,3,5,-1
381559,9,12,21,-3
381562,5,0,5,5
381563,3,7,10,-4
381561,8,6,14,2
381566,1,4,5,-3
381552,11,6,17,5
381555,2,4,6,-2
381560,1,5,6,-4
381553,4,6,10,-2
381564,4,3,7,1
381574,3,4,7,-1
381577,1,3,4,-2
381576,2,3,5,-1
381571,3,2,5,1
381580,5,2,7,3
381569,3,0,3,3
381578,4,3,7,1
381573,6,3,9,3
381570,13,4,17,9
381581,2,5,7,-3
381572,8,7,15,1
381575,5,10,15,-5
381568,6,3,9,3
381579,1,5,6,-4
381567,3,7,10,-4
381582,3,4,7,-1
381586,11,8,19,3
381583,4,5,9,-1
381588,0,1,1,-1
381590,6,1,7,5
381584,5,4,9,1
381589,2,6,8,-4
381587,9,3,12,6
381592,14,8,22,6
381585,1,6,7,-5
381591,1,5,6,-4
381604,1,6,7,-5
381593,9,3,12,6
381598,5,6,11,-1
381596,6,5,11,1
381607,1,3,4,-2
381599,11,4,15,7
381594,7,5,12,2
381601,1,2,3,-1
381603,5,2,7,3
381595,5,6,11,-1
381605,2,8,10,-6
381602,2,5,7,-3
381600,7,5,12,2
381606,6,10,16,-4
381597,2,4,6,-2
381618,10,5,15,5
381610,6,1,7,5
381614,2,1,3,1
381609,2,0,2,2
381616,1,2,3,-1
381617,3,2,5,1
381620,6,7,13,-1
381621,2,4,6,-2
381613,5,6,11,-1
381611,11,4,15,7
381622,3,7,10,-4
381615,3,4,7,-1
381612,0,8,8,-8
381619,1,2,3,-1
381623,3,5,8,-2
381627,3,4,7,-1
380581,1,2,3,-1
381629,4,1,5,3
381632,1,4,5,-3
381624,3,0,3,3
381633,4,6,10,-2
381628,0,5,5,-5
381630,1,0,1,1
381626,2,4,6,-2
381631,4,1,5,3
381625,2,4,6,-2
381644,3,6,9,-3
381638,6,4,10,2
381634,6,4,10,2
381635,3,5,8,-2
381639,3,1,4,2
381648,14,9,23,5
381642,2,3,5,-1
381645,7,5,12,2
381637,4,5,9,-1
381643,5,1,6,4
381641,13,10,23,3
381646,1,4,5,-3
381636,3,4,7,-1
381647,3,7,10,-4
381640,5,6,11,-1
381650,6,1,7,5
381660,2,1,3,1
381652,3,4,7,-1
381651,1,2,3,-1
381654,0,8,8,-8
381663,1,11,12,-10
381658,1,4,5,-3
381657,4,0,4,4
381656,9,4,13,5
381653,5,4,9,1
381659,5,3,8,2
381649,0,3,3,-3
381662,2,3,5,-1
381655,4,2,6,2
381661,6,4,10,2
381668,10,4,14,6
381678,3,4,7,-1
381672,11,5,16,6
381664,1,4,5,-3
381669,2,5,7,-3
381665,8,0,8,8
381675,2,1,3,1
381667,5,6,11,-1
381673,3,5,8,-2
381674,2,1,3,1
381666,7,6,13,1
381670,2,1,3,1
381676,4,1,5,3
381671,6,5,11,1
381677,2,5,7,-3
381680,4,6,10,-2
381684,4,0,4,4
381686,3,8,11,-5
381687,8,1,9,7
381681,6,1,7,5
381683,3,5,8,-2
381690,3,0,3,3
381689,8,0,8,8
381679,3,12,15,-9
381688,6,0,6,6
381693,4,2,6,2
381698,4,7,11,-3
381700,6,7,13,-1
381701,1,10,11,-9
381702,6,5,11,1
381694,3,7,10,-4
381696,8,2,10,6
381697,2,0,2,2
381691,3,2,5,1
381705,4,2,6,2
381704,5,10,15,-5
381695,8,9,17,-1
381699,6,8,14,-2
381692,2,8,10,-6
381703,7,2,9,5
381717,1,5,6,-4
381720,2,9,11,-7
381719,9,6,15,3
381718,0,4,4,-4
381709,4,1,5,3
381708,4,5,9,-1
381713,3,2,5,1
381715,5,3,8,2
381716,8,5,13,3
381711,8,6,14,2
381712,5,4,9,1
381706,4,0,4,4
381710,6,1,7,5
381714,2,6,8,-4
381707,5,4,9,1
381721,1,6,7,-5
381685,4,6,10,-2
381727,2,5,7,-3
381726,3,5,8,-2
381722,0,7,7,-7
381729,3,5,8,-2
381725,6,0,6,6
381724,4,7,11,-3
381728,0,1,1,-1
381723,3,1,4,2
381744,2,7,9,-5
381740,2,3,5,-1
381732,4,2,6,2
381733,0,6,6,-6
381734,5,4,9,1
381741,9,5,14,4
381739,4,5,9,-1
381738,3,4,7,-1
381730,6,8,14,-2
381737,2,3,5,-1
381731,2,1,3,1
381736,2,3,5,-1
381742,3,1,4,2
381735,6,2,8,4
381749,4,3,7,1
381745,6,2,8,4
381755,5,3,8,2
381758,5,4,9,1
381754,0,5,5,-5
381753,4,3,7,1
381756,7,6,13,1
381752,4,7,11,-3
381757,1,9,10,-8
381748,2,1,3,1
381750,7,3,10,4
381746,3,1,4,2
381751,5,0,5,5
381764,4,0,4,4
381771,4,3,7,1
381770,2,5,7,-3
381773,12,7,19,5
381762,3,2,5,1
381768,4,6,10,-2
381760,4,5,9,-1
381767,10,4,14,6
381769,3,2,5,1
381765,4,0,4,4
381761,1,2,3,-1
381766,0,3,3,-3
381772,0,6,6,-6
381763,8,5,13,3
381779,3,7,10,-4
381785,1,7,8,-6
381784,4,3,7,1
381782,4,5,9,-1
381776,2,0,2,2
381781,3,5,8,-2
381783,10,4,14,6
381780,6,1,7,5
381778,0,1,1,-1
381777,0,1,1,-1
381793,1,4,5,-3
381791,1,7,8,-6
381787,2,3,5,-1
381800,3,8,11,-5
381799,2,1,3,1
381795,0,3,3,-3
381788,2,1,3,1
381794,4,5,9,-1
381796,4,5,9,-1
381797,13,2,15,11
381792,2,10,12,-8
381790,10,3,13,7
381789,2,8,10,-6
381798,0,5,5,-5
381808,4,7,11,-3
381814,6,3,9,3
381810,3,9,12,-6
381807,4,0,4,4
381812,5,2,7,3
381805,5,4,9,1
381804,0,3,3,-3
381806,3,4,7,-1
381802,1,5,6,-4
381815,4,6,10,-2
381803,16,9,25,7
381809,1,3,4,-2
381811,0,5,5,-5
381801,2,3,5,-1
381813,2,0,2,2
381821,7,2,9,5
381820,5,4,9,1
381816,10,2,12,8
381823,2,5,7,-3
381822,1,8,9,-7
381818,3,2,5,1
381819,7,4,11,3
381824,1,4,5,-3
381817,2,5,7,-3
381827,7,2,9,5
381833,6,5,11,1
381839,0,1,1,-1
381834,2,8,10,-6
381836,0,2,2,-2
381829,7,1,8,6
381837,6,3,9,3
381838,5,6,11,-1
381835,1,7,8,-6
381832,2,4,6,-2
381831,2,3,5,-1
381825,2,5,7,-3
381830,9,0,9,9
381828,6,7,13,-1
381850,3,2,5,1
381848,1,2,3,-1
381846,6,5,11,1
381842,0,13,13,-13
381849,2,3,5,-1
381852,7,2,9,5
381845,7,8,15,-1
381840,4,10,14,-6
381847,1,0,1,1
381844,3,7,10,-4
381851,5,3,8,2
381853,5,3,8,2
381843,5,11,16,-6
381854,1,5,6,-4
381859,1,4,5,-3
381868,4,8,12,-4
381862,2,4,6,-2
381856,7,6,13,1
381857,1,2,3,-1
381864,2,6,8,-4
381855,3,1,4,2
381865,0,1,1,-1
381863,9,7,16,2
381861,8,4,12,4
381858,1,6,7,-5
381869,2,4,6,-2
381860,8,2,10,6
381866,5,3,8,2
381867,7,3,10,4
381871,8,2,10,6
381873,3,9,12,-6
381875,6,0,6,6
381870,3,4,7,-1
381872,4,0,4,4
381878,5,3,8,2
381874,12,7,19,5
381879,3,2,5,1
381880,0,2,2,-2
381881,6,1,7,5
381876,1,9,10,-8
381882,0,5,5,-5
381883,2,5,7,-3
381877,0,2,2,-2
381893,3,5,8,-2
381890,5,14,19,-9
381889,3,4,7,-1
381884,3,8,11,-5
381886,8,3,11,5
381888,8,3,11,5
381894,9,7,16,2
381895,4,5,9,-1
381896,1,2,3,-1
381891,2,1,3,1
381897,1,6,7,-5
381898,4,0,4,4
381892,2,0,2,2
381904,1,4,5,-3
381911,3,6,9,-3
381912,7,8,15,-1
381905,3,4,7,-1
381913,6,2,8,4
381907,5,4,9,1
381901,1,4,5,-3
381903,5,4,9,1
381899,1,4,5,-3
381900,4,5,9,-1
381902,8,4,12,4
381909,4,1,5,3
381910,2,5,7,-3
381906,8,1,9,7
381908,2,5,7,-3
381917,6,4,10,2
381922,9,1,10,8
381921,6,1,7,5
381916,3,4,7,-1
381925,3,4,7,-1
381920,3,9,12,-6
381915,3,1,4,2
381923,9,1,10,8
381914,15,6,21,9
381918,16,4,20,12
381924,1,2,3,-1
381919,4,2,6,2
381928,4,5,9,-1
381940,2,6,8,-4
381930,4,7,11,-3
381934,2,3,5,-1
381936,5,6,11,-1
381939,8,5,13,3
381932,1,7,8,-6
381926,3,0,3,3
381929,8,3,11,5
381931,2,1,3,1
381938,7,6,13,1
381933,2,6,8,-4
381937,6,3,9,3
381935,2,3,5,-1
381927,0,5,5,-5
381945,6,2,8,4
381942,2,0,2,2
381943,11,6,17,5
381949,3,0,3,3
381944,2,3,5,-1
381954,3,10,13,-7
381948,9,3,12,6
381947,4,5,9,-1
381953,10,2,12,8
381946,5,1,6,4
381951,6,5,11,1
381941,5,2,7,3
381955,5,3,8,2
381952,0,1,1,-1
381950,2,6,8,-4
381960,2,3,5,-1
381966,3,6,9,-3
381962,1,9,10,-8
381970,10,3,13,7
381969,0,3,3,-3
381959,11,0,11,11
381961,2,5,7,-3
381968,2,11,13,-9
381958,10,7,17,3
381956,10,7,17,3
381957,4,8,12,-4
381967,0,1,1,-1
381965,4,1,5,3
381963,13,5,18,8
381976,2,4,6,-2
381974,3,4,7,-1
381980,4,2,6,2
381986,5,1,6,4
381975,9,3,12,6
381978,4,5,9,-1
381984,9,1,10,8
381982,4,6,10,-2
381985,6,2,8,4
381977,2,3,5,-1
381979,2,3,5,-1
381973,4,5,9,-1
381972,4,5,9,-1
381983,2,3,5,-1
381981,5,4,9,1
381989,1,7,8,-6
382001,1,4,5,-3
381994,2,4,6,-2
381991,2,3,5,-1
381995,3,8,11,-5
381993,1,2,3,-1
382000,5,1,6,4
381997,2,1,3,1
381992,3,4,7,-1
381999,5,3,8,2
381988,3,9,12,-6
381996,0,6,6,-6
381987,8,4,12,4
381998,3,2,5,1
382004,2,3,5,-1
382016,6,9,15,-3
382005,1,5,6,-4
382014,2,3,5,-1
382008,0,6,6,-6
382006,3,5,8,-2
382012,2,8,10,-6
382010,4,5,9,-1
382015,5,3,8,2
382007,11,7,18,4
382013,5,6,11,-1
382002,2,10,12,-8
382003,2,3,5,-1
382011,1,2,3,-1
382009,4,3,7,1
382023,5,2,7,3
382026,7,4,11,3
382027,4,2,6,2
382018,14,1,15,13
382024,3,1,4,2
382020,3,4,7,-1
382022,1,3,4,-2
382019,2,5,7,-3
382028,7,2,9,5
382021,4,3,7,1
382017,4,2,6,2
382025,2,5,7,-3
382036,7,12,19,-5
382040,9,6,15,3
382042,1,2,3,-1
382030,3,7,10,-4
382037,6,5,11,1
382039,0,6,6,-6
382032,8,2,10,6
382035,7,1,8,6
382031,3,4,7,-1
382041,7,2,9,5
382043,7,4,11,3
382033,4,5,9,-1
382029,4,2,6,2
382034,3,2,5,1
382038,3,1,4,2
382047,1,3,4,-2
382050,2,1,3,1
382046,1,5,6,-4
382058,4,6,10,-2
382048,11,5,16,6
382053,3,2,5,1
382051,1,6,7,-5
382055,3,1,4,2
382045,4,6,10,-2
382052,1,6,7,-5
382056,3,0,3,3
382054,8,3,11,5
382044,2,3,5,-1
382049,7,9,16,-2
382060,0,8,8,-8
382068,1,2,3,-1
382069,2,4,6,-2
382064,1,13,14,-12
382065,3,2,5,1
382067,13,3,16,10
382062,1,2,3,-1
382061,5,2,7,3
382066,1,9,10,-8
382063,6,4,10,2
382059,4,0,4,4
382082,6,7,13,-1
382070,5,9,14,-4
382083,4,6,10,-2
382084,4,1,5,3
382072,4,6,10,-2
382081,5,2,7,3
382079,1,4,5,-3
382074,4,6,10,-2
382073,9,5,14,4
382077,2,0,2,2
382078,3,2,5,1
382080,1,8,9,-7
382075,1,2,3,-1
382071,2,1,3,1
382076,8,1,9,7
382098,6,4,10,2
382099,0,1,1,-1
382097,6,3,9,3
382086,3,4,7,-1
382085,10,6,16,4
382089,5,7,12,-2
382087,0,3,3,-3
382096,3,5,8,-2
382088,7,0,7,7
382092,7,3,10,4
382093,2,5,7,-3
382094,5,1,6,4
382095,1,8,9,-7
382090,0,4,4,-4
382091,5,0,5,5
382113,5,4,9,1
382114,4,2,6,2
382100,2,4,6,-2
382102,3,2,5,1
382104,10,3,13,7
382103,3,4,7,-1
382107,4,2,6,2
382108,2,0,2,2
382112,1,0,1,1
382105,1,2,3,-1
382110,7,5,12,2
382101,3,2,5,1
382111,3,8,11,-5
382109,9,3,12,6
382106,4,3,7,1
382122,0,2,2,-2
382115,2,1,3,1
382123,14,1,15,13
382120,1,7,8,-6
382124,6,7,13,-1
382117,1,2,3,-1
382116,1,4,5,-3
382118,2,4,6,-2
382119,3,7,10,-4
382121,5,0,5,5
382125,6,7,13,-1
382136,5,2,7,3
382128,11,4,15,7
382126,0,3,3,-3
382138,4,2,6,2
382134,6,0,6,6
382139,0,3,3,-3
382130,1,5,6,-4
382129,3,4,7,-1
382132,12,11,23,1
382133,7,4,11,3
382131,2,1,3,1
382137,1,3,4,-2
382127,4,8,12,-4
382135,3,1,4,2
382149,2,11,13,-9
382145,5,0,5,5
382141,5,4,9,1
382154,4,3,7,1
382148,1,8,9,-7
382150,5,7,12,-2
382140,3,4,7,-1
382151,0,2,2,-2
382143,2,7,9,-5
382153,6,1,7,5
382144,6,4,10,2
382147,2,3,5,-1
382146,2,3,5,-1
382152,1,12,13,-11
382142,2,3,5,-1
382157,7,4,11,3
382159,1,3,4,-2
382164,6,2,8,4
382155,1,0,1,1
382163,6,5,11,1
382161,10,4,14,6
382158,3,1,4,2
382165,6,5,11,1
382160,3,6,9,-3
382162,4,7,11,-3
382156,1,2,3,-1
382177,1,2,3,-1
382179,2,12,14,-10
382175,2,1,3,1
382170,2,4,6,-2
382178,5,1,6,4
382166,5,3,8,2
382169,5,2,7,3
382174,3,4,7,-1
382180,1,3,4,-2
382173,8,10,18,-2
382172,7,4,11,3
382171,1,0,1,1
382176,9,4,13,5
382168,8,2,10,6
382167,1,10,11,-9
382186,3,8,11,-5
382189,6,4,10,2
382192,6,3,9,3
382194,0,2,2,-2
382190,0,11,11,-11
382185,5,11,16,-6
382193,2,4,6,-2
382181,3,10,13,-7
382195,2,8,10,-6
382188,8,6,14,2
382184,1,2,3,-1
382187,7,9,16,-2
382191,8,3,11,5
382182,2,3,5,-1
382183,2,5,7,-3
382209,3,4,7,-1
382200,0,4,4,-4
382208,9,0,9,9
382199,7,3,10,4
382207,0,1,1,-1
382205,0,4,4,-4
382196,7,5,12,2
382210,1,6,7,-5
382203,16,3,19,13
382202,2,3,5,-1
382201,4,2,6,2
382198,7,3,10,4
382206,2,3,5,-1
382197,3,4,7,-1
382204,8,7,15,1
382214,4,3,7,1
382212,1,7,8,-6
381885,7,3,10,4
382213,1,2,3,-1
382215,2,3,5,-1
382211,5,0,5,5
382222,9,2,11,7
382227,6,1,7,5
382224,1,2,3,-1
382226,6,3,9,3
382223,4,3,7,1
382219,9,3,12,6
382228,1,3,4,-2
382231,16,0,16,16
382229,3,4,7,-1
382220,2,3,5,-1
382221,6,5,11,1
382225,12,2,14,10
382230,0,3,3,-3
382217,4,5,9,-1
382218,2,4,6,-2
382243,5,4,9,1
382246,3,1,4,2
382245,7,3,10,4
382232,3,7,10,-4
382242,1,7,8,-6
382238,3,10,13,-7
382241,3,7,10,-4
382237,1,5,6,-4
382233,1,5,6,-4
382236,3,8,11,-5
382244,7,4,11,3
382234,2,1,3,1
382235,4,13,17,-9
382239,4,3,7,1
382240,2,1,3,1
382258,3,5,8,-2
382252,0,1,1,-1
382259,1,3,4,-2
382250,6,2,8,4
382253,5,6,11,-1
382256,2,7,9,-5
382247,2,1,3,1
382251,0,4,4,-4
382248,2,5,7,-3
382254,6,2,8,4
382255,7,0,7,7
382257,0,3,3,-3
382249,3,13,16,-10
382272,4,3,7,1
382269,1,2,3,-1
382271,2,12,14,-10
382268,5,4,9,1
382262,6,10,16,-4
382264,5,4,9,1
382266,2,1,3,1
382274,6,7,13,-1
382270,2,4,6,-2
382273,3,4,7,-1
382265,3,9,12,-6
382263,3,5,8,-2
382260,4,2,6,2
382267,5,6,11,-1
382261,1,4,5,-3
382277,3,0,3,3
382279,2,3,5,-1
382286,3,10,13,-7
382287,4,0,4,4
382284,2,1,3,1
382283,2,1,3,1
382285,0,5,5,-5
382288,3,8,11,-5
382289,4,1,5,3
382281,4,3,7,1
382280,1,4,5,-3
382278,4,14,18,-10
382275,4,5,9,-1
382282,4,9,13,-5
382276,2,1,3,1
382292,4,1,5,3
382294,5,6,11,-1
382296,2,7,9,-5
382299,8,2,10,6
382301,8,3,11,5
382298,6,7,13,-1
382300,4,7,11,-3
382303,6,2,8,4
382295,5,1,6,4
382302,2,3,5,-1
382290,3,1,4,2
382297,6,1,7,5
382293,5,3,8,2
382291,2,4,6,-2
382304,1,3,4,-2
382311,5,3,8,2
382306,6,11,17,-5
382310,3,11,14,-8
382307,6,2,8,4
382313,5,6,11,-1
382314,7,0,7,7
382308,3,1,4,2
382312,2,3,5,-1
382309,4,2,6,2
382305,3,4,7,-1
382315,1,11,12,-10
382320,2,4,6,-2
382317,3,2,5,1
382330,7,1,8,6
382321,4,2,6,2
382327,0,3,3,-3
382328,2,3,5,-1
382322,0,3,3,-3
382325,11,3,14,8
382323,4,10,14,-6
382326,2,7,9,-5
382319,1,4,5,-3
382329,3,6,9,-3
382318,3,2,5,1
382332,5,4,9,1
382337,3,1,4,2
382333,1,7,8,-6
382334,3,5,8,-2
382338,3,5,8,-2
382341,4,8,12,-4
382345,3,2,5,1
382335,2,3,5,-1
382342,5,2,7,3
382343,10,1,11,9
382336,2,4,6,-2
382339,0,3,3,-3
382340,3,4,7,-1
382344,0,2,2,-2
382349,6,4,10,2
382352,2,5,7,-3
382351,3,7,10,-4
382350,6,2,8,4
382348,4,9,13,-5
382355,4,1,5,3
382346,4,5,9,-1
382354,6,3,9,3
382353,3,4,7,-1
382347,3,7,10,-4
382358,1,2,3,-1
382367,4,5,9,-1
382369,7,2,9,5
382361,5,3,8,2
382359,2,3,5,-1
382357,3,2,5,1
382364,0,5,5,-5
382365,2,7,9,-5
382356,5,4,9,1
382362,6,5,11,1
382370,5,11,16,-6
382368,2,4,6,-2
382360,3,2,5,1
382363,6,3,9,3
382366,5,3,8,2
382381,5,6,11,-1
382379,3,2,5,1
382373,0,6,6,-6
382382,3,4,7,-1
382384,2,4,6,-2
382376,7,10,17,-3
382374,3,7,10,-4
382377,1,4,5,-3
382380,3,4,7,-1
382385,6,3,9,3
382372,1,2,3,-1
382383,9,5,14,4
382371,5,4,9,1
382378,3,2,5,1
382388,4,1,5,3
382399,8,1,9,7
382389,2,1,3,1
382387,3,10,13,-7
382391,8,1,9,7
382394,4,2,6,2
382392,12,6,18,6
382400,5,7,12,-2
382398,6,7,13,-1
382386,2,3,5,-1
382396,2,5,7,-3
382393,7,2,9,5
382397,5,6,11,-1
382395,3,4,7,-1
382405,4,1,5,3
382402,4,5,9,-1
382408,1,4,5,-3
382403,7,3,10,4
382401,4,2,6,2
382407,6,4,10,2
382404,8,2,10,6
382406,5,6,11,-1
382410,1,8,9,-7
382420,5,2,7,3
382411,11,3,14,8
382416,7,4,11,3
382409,4,3,7,1
382415,8,6,14,2
382422,3,4,7,-1
382414,7,5,12,2
382412,5,1,6,4
382423,1,6,7,-5
382413,4,5,9,-1
382417,7,4,11,3
382418,2,6,8,-4
382419,6,8,14,-2
382437,5,4,9,1
382435,3,4,7,-1
382438,9,5,14,4
382433,8,5,13,3
382425,2,3,5,-1
382426,2,3,5,-1
382431,5,2,7,3
382424,8,3,11,5
382430,6,0,6,6
382428,3,7,10,-4
382436,8,3,11,5
382429,5,0,5,5
382427,4,3,7,1
382432,2,5,7,-3
382434,4,1,5,3
382444,0,3,3,-3
382443,0,1,1,-1
382442,1,4,5,-3
382440,0,1,1,-1
382439,2,0,2,2
382441,8,0,8,8
382446,5,3,8,2
382445,1,2,3,-1
382449,1,4,5,-3
382452,5,1,6,4
382459,10,3,13,7
382460,4,5,9,-1
382450,3,4,7,-1
382461,8,0,8,8
382458,5,3,8,2
382448,3,1,4,2
382453,6,3,9,3
382451,6,20,26,-14
382456,8,3,11,5
382454,13,5,18,8
382457,1,5,6,-4
382447,3,5,8,-2
382455,2,6,8,-4
382465,3,5,8,-2
382476,4,5,9,-1
382473,7,3,10,4
382464,2,7,9,-5
382474,2,6,8,-4
382467,2,3,5,-1
382475,6,5,11,1
382463,0,1,1,-1
382471,10,2,12,8
382468,6,3,9,3
382472,2,5,7,-3
382469,4,5,9,-1
382462,1,2,3,-1
382470,4,7,11,-3
382482,1,3,4,-2
382480,4,7,11,-3
382491,2,1,3,1
382478,3,5,8,-2
382488,8,6,14,2
382489,6,14,20,-8
382490,1,7,8,-6
382481,13,4,17,9
382486,3,4,7,-1
382479,1,2,3,-1
382483,1,3,4,-2
382485,11,3,14,8
382487,7,4,11,3
382484,4,7,11,-3
382477,9,4,13,5
382497,3,2,5,1
382498,1,9,10,-8
382500,2,3,5,-1
382492,4,3,7,1
381492,8,1,9,7
382496,8,2,10,6
382494,7,1,8,6
382499,2,0,2,2
382495,10,1,11,9
382493,3,2,5,1
382512,2,5,7,-3
382513,2,4,6,-2
382515,3,4,7,-1
382502,11,7,18,4
382510,2,5,7,-3
382503,3,0,3,3
382501,2,3,5,-1
382511,2,4,6,-2
382509,1,2,3,-1
382504,8,6,14,2
382506,9,5,14,4
382507,2,8,10,-6
382514,0,5,5,-5
382508,1,4,5,-3
382505,0,3,3,-3
382527,1,3,4,-2
382529,12,4,16,8
382528,3,1,4,2
382530,4,8,12,-4
382517,2,5,7,-3
382525,8,4,12,4
382518,5,7,12,-2
382516,3,2,5,1
382526,5,4,9,1
382524,1,6,7,-5
382519,2,3,5,-1
382523,2,3,5,-1
382521,3,1,4,2
382522,1,6,7,-5
382520,2,4,6,-2
382532,2,7,9,-5
382536,2,3,5,-1
382534,1,4,5,-3
382538,4,5,9,-1
382531,6,1,7,5
382539,2,4,6,-2
382535,11,5,16,6
382533,3,2,5,1
382537,3,4,7,-1
382542,1,2,3,-1
382549,1,9,10,-8
382550,6,3,9,3
382540,8,4,12,4
382552,1,4,5,-3
382547,2,5,7,-3
382543,6,1,7,5
382553,13,6,19,7
382545,7,1,8,6
382541,7,2,9,5
382544,2,5,7,-3
382551,0,4,4,-4
382546,2,3,5,-1
382554,8,3,11,5
382548,2,13,15,-11
382565,0,2,2,-2
382557,2,3,5,-1
382564,2,3,5,-1
382558,3,2,5,1
382555,0,7,7,-7
382568,0,2,2,-2
382567,7,2,9,5
382562,4,0,4,4
382559,2,0,2,2
382561,1,2,3,-1
382566,0,2,2,-2
382563,1,3,4,-2
382569,3,1,4,2
382580,3,4,7,-1
382582,5,6,11,-1
382572,3,2,5,1
382579,8,12,20,-4
382570,3,0,3,3
382583,2,3,5,-1
382575,2,6,8,-4
382571,6,9,15,-3
382581,1,8,9,-7
382578,5,15,20,-10
382574,2,6,8,-4
382576,7,1,8,6
382584,3,5,8,-2
382577,0,1,1,-1
382586,3,4,7,-1
382591,7,0,7,7
382590,6,9,15,-3
382589,6,4,10,2
382592,4,5,9,-1
382588,2,4,6,-2
382587,12,1,13,11
382593,1,6,7,-5
382585,1,3,4,-2
382594,9,10,19,-1
382596,6,4,10,2
382595,3,4,7,-1
382601,4,5,9,-1
382602,4,2,6,2
382599,9,4,13,5
382610,8,2,10,6
382605,4,0,4,4
382604,8,6,14,2
382603,1,7,8,-6
382597,3,8,11,-5
382609,1,2,3,-1
382600,6,3,9,3
382606,4,6,10,-2
382608,12,7,19,5
382607,6,5,11,1
382611,1,4,5,-3
382598,1,2,3,-1
382620,4,7,11,-3
382621,0,1,1,-1
382626,8,5,13,3
382623,2,9,11,-7
382622,2,1,3,1
382616,0,6,6,-6
382617,0,7,7,-7
382614,1,5,6,-4
382625,7,4,11,3
382619,4,3,7,1
382618,2,6,8,-4
382612,1,4,5,-3
382624,1,4,5,-3
382615,4,11,15,-7
382613,6,1,7,5
382630,7,9,16,-2
381682,11,4,15,7
382629,4,5,9,-1
382633,1,0,1,1
382631,10,2,12,8
382627,5,4,9,1
382632,3,2,5,1
382628,5,1,6,4
382642,9,8,17,1
382638,1,2,3,-1
382640,1,0,1,1
382646,8,2,10,6
382641,14,5,19,9
382637,0,3,3,-3
382648,8,9,17,-1
382636,3,11,14,-8
382645,7,5,12,2
382634,7,6,13,1
382647,2,6,8,-4
382644,0,3,3,-3
382639,4,3,7,1
382635,1,2,3,-1
382652,2,3,5,-1
382661,5,4,9,1
382654,3,4,7,-1
382658,5,0,5,5
382657,3,1,4,2
382655,2,6,8,-4
382656,1,2,3,-1
382653,1,3,4,-2
382663,3,4,7,-1
382649,8,5,13,3
382651,4,3,7,1
382662,5,3,8,2
382660,4,2,6,2
382659,6,7,13,-1
382650,2,5,7,-3
382668,0,2,2,-2
382670,2,0,2,2
382671,4,3,7,1
382666,0,4,4,-4
382678,3,1,4,2
382672,2,3,5,-1
382667,7,5,12,2
382664,14,4,18,10
382677,9,1,10,8
382673,10,4,14,6
382675,0,1,1,-1
382669,4,3,7,1
382665,2,7,9,-5
382674,0,6,6,-6
382676,1,6,7,-5
381608,12,3,15,9
382684,5,9,14,-4
382687,6,4,10,2
382679,1,2,3,-1
382681,0,8,8,-8
382680,4,0,4,4
382682,2,3,5,-1
382689,5,0,5,5
382686,4,5,9,-1
382685,6,4,10,2
382688,4,9,13,-5
382683,1,4,5,-3
382699,4,3,7,1
382701,3,4,7,-1
382692,4,6,10,-2
382704,4,3,7,1
382694,2,9,11,-7
382697,2,4,6,-2
382693,4,1,5,3
382695,0,2,2,-2
382703,5,9,14,-4
382690,9,3,12,6
382700,11,2,13,9
382698,6,3,9,3
382702,6,3,9,3
382696,2,1,3,1
382691,1,5,6,-4
382708,10,6,16,4
382707,6,2,8,4
382716,6,3,9,3
382719,5,8,13,-3
382709,1,11,12,-10
382712,3,0,3,3
382710,0,2,2,-2
382718,2,4,6,-2
382705,8,1,9,7
382715,1,2,3,-1
382713,1,4,5,-3
382717,0,4,4,-4
382711,5,2,7,3
382706,0,5,5,-5
382727,0,1,1,-1
382725,0,1,1,-1
382721,2,6,8,-4
382726,4,1,5,3
382728,4,5,9,-1
382729,6,2,8,4
382720,7,3,10,4
382722,6,3,9,3
382723,2,4,6,-2
382732,3,7,10,-4
382738,1,3,4,-2
382743,1,0,1,1
382734,2,7,9,-5
382744,3,4,7,-1
382730,1,2,3,-1
382731,4,2,6,2
382733,2,3,5,-1
382735,1,5,6,-4
382742,6,5,11,1
382736,3,11,14,-8
382741,2,4,6,-2
382737,0,9,9,-9
382745,2,3,5,-1
382755,3,2,5,1
382758,3,6,9,-3
382747,6,4,10,2
382753,1,2,3,-1
382749,4,5,9,-1
382746,1,7,8,-6
382759,10,3,13,7
382748,5,1,6,4
382750,4,5,9,-1
382757,4,10,14,-6
382751,2,5,7,-3
382752,17,0,17,17
382756,3,2,5,1
382773,6,5,11,1
382764,4,6,10,-2
382774,3,0,3,3
382762,3,7,10,-4
382768,5,4,9,1
382761,8,4,12,4
382769,6,4,10,2
382763,2,9,11,-7
382765,1,4,5,-3
382760,3,10,13,-7
382766,6,1,7,5
382767,4,2,6,2
382772,6,8,14,-2
382771,4,0,4,4
382770,2,3,5,-1
382785,2,5,7,-3
382786,4,2,6,2
382780,6,5,11,1
382781,0,1,1,-1
382776,0,1,1,-1
382777,1,3,4,-2
382778,8,6,14,2
382775,3,4,7,-1
382779,11,3,14,8
382784,2,6,8,-4
382783,1,8,9,-7
382782,0,1,1,-1
382787,0,4,4,-4
382800,2,8,10,-6
382801,3,0,3,3
382793,1,9,10,-8
382795,1,6,7,-5
382789,0,7,7,-7
382790,4,2,6,2
382791,3,4,7,-1
382788,7,5,12,2
382794,3,2,5,1
382792,4,10,14,-6
382798,2,1,3,1
382797,13,2,15,11
382799,6,3,9,3
382796,4,5,9,-1
382807,2,16,18,-14
382813,4,2,6,2
382802,1,9,10,-8
382815,1,6,7,-5
382816,1,3,4,-2
382808,4,3,7,1
382810,3,2,5,1
382804,1,3,4,-2
382805,2,0,2,2
382806,4,8,12,-4
382803,2,6,8,-4
382809,0,2,2,-2
382812,0,5,5,-5
382814,6,1,7,5
382811,5,2,7,3
382824,7,2,9,5
382818,2,3,5,-1
382825,2,3,5,-1
382826,6,2,8,4
382820,8,4,12,4
382819,2,1,3,1
382821,2,3,5,-1
382817,6,7,13,-1
382822,3,7,10,-4
382823,3,1,4,2
382833,14,5,19,9
382828,5,3,8,2
382840,3,5,8,-2
382834,2,4,6,-2
382829,4,3,7,1
382841,3,2,5,1
382835,5,0,5,5
382827,3,15,18,-12
382832,10,1,11,9
382837,10,5,15,5
382831,4,5,9,-1
382830,1,2,3,-1
382836,1,3,4,-2
382839,12,3,15,9
382838,0,5,5,-5
382847,3,2,5,1
382848,7,8,15,-1
382851,3,0,3,3
382855,6,3,9,3
382842,1,5,6,-4
382843,2,7,9,-5
382849,1,0,1,1
382852,1,10,11,-9
382846,7,3,10,4
382850,4,2,6,2
382844,1,3,4,-2
382856,3,2,5,1
382845,4,8,12,-4
382853,2,3,5,-1
382854,5,8,13,-3
382870,2,5,7,-3
382871,2,1,3,1
382858,3,2,5,1
382865,10,2,12,8
382864,0,1,1,-1
382859,10,5,15,5
382862,2,5,7,-3
382867,3,8,11,-5
382861,7,2,9,5
382863,8,5,13,3
382869,2,1,3,1
382866,6,8,14,-2
382857,3,8,11,-5
382868,2,8,10,-6
382860,7,2,9,5
382878,2,0,2,2
382874,0,5,5,-5
382880,4,14,18,-10
382875,2,0,2,2
382879,1,0,1,1
382882,8,0,8,8
382877,3,4,7,-1
382873,6,2,8,4
382872,4,8,12,-4
382876,0,1,1,-1
382881,5,2,7,3
382889,7,1,8,6
382891,2,4,6,-2
382885,5,4,9,1
382894,2,10,12,-8
382886,3,4,7,-1
382897,6,2,8,4
382893,3,2,5,1
382892,0,2,2,-2
382890,1,3,4,-2
382896,3,4,7,-1
382888,1,2,3,-1
382884,3,6,9,-3
382883,2,0,2,2
382887,3,2,5,1
382895,2,4,6,-2
382900,9,5,14,4
382901,1,6,7,-5
382899,1,2,3,-1
382898,5,4,9,1
382909,0,1,1,-1
382904,4,6,10,-2
382912,3,11,14,-8
382908,2,6,8,-4
382907,2,1,3,1
382905,5,0,5,5
382911,1,3,4,-2
382903,1,5,6,-4
382902,3,4,7,-1
382910,1,9,10,-8
382915,3,5,8,-2
382922,7,5,12,2
382919,4,6,10,-2
382913,5,6,11,-1
382916,2,4,6,-2
382923,1,11,12,-10
382920,10,1,11,9
382918,1,2,3,-1
382914,6,3,9,3
382921,8,9,17,-1
382938,0,1,1,-1
382925,4,5,9,-1
382926,2,4,6,-2
382932,11,4,15,7
382929,3,1,4,2
382935,3,1,4,2
382933,3,2,5,1
382934,6,2,8,4
382930,3,1,4,2
382927,6,4,10,2
382937,7,6,13,1
382928,4,7,11,-3
382924,3,4,7,-1
382936,4,1,5,3
382950,6,10,16,-4
382948,4,10,14,-6
382951,1,3,4,-2
382946,1,5,6,-4
382941,2,4,6,-2
382953,2,0,2,2
382940,4,2,6,2
382947,12,3,15,9
382944,1,2,3,-1
382945,4,5,9,-1
382942,1,2,3,-1
382949,4,5,9,-1
382952,2,5,7,-3
382943,5,6,11,-1
382939,1,2,3,-1
382968,2,7,9,-5
382956,1,0,1,1
382962,0,3,3,-3
382959,3,8,11,-5
382965,1,4,5,-3
382955,2,1,3,1
382961,0,1,1,-1
382963,9,5,14,4
382960,6,4,10,2
382957,5,2,7,3
382964,4,0,4,4
382966,3,9,12,-6
382958,5,10,15,-5
382954,1,4,5,-3
382967,1,0,1,1
413661,3,0,3,3
413663,6,1,7,5
413656,0,4,4,-4
413655,10,0,10,10
413652,8,0,8,8
413651,6,2,8,4
413657,3,1,4,2
413658,2,5,7,-3
413659,3,6,9,-3
413649,1,4,5,-3
413653,1,10,11,-9
413650,2,1,3,1
413654,0,2,2,-2
413662,0,8,8,-8
413660,5,4,9,1
413666,6,5,11,1
413665,12,2,14,10
413667,5,2,7,3
413669,6,7,13,-1
413670,3,1,4,2
413668,7,3,10,4
413664,2,0,2,2
413678,0,11,11,-11
413693,0,2,2,-2
413679,1,2,3,-1
413674,2,4,6,-2
413685,3,4,7,-1
413680,4,5,9,-1
413673,0,2,2,-2
413672,2,0,2,2
413676,2,0,2,2
413675,5,7,12,-2
413677,5,4,9,1
413682,5,2,7,3
413684,0,10,10,-10
413681,4,7,11,-3
413671,5,3,8,2
413691,2,3,5,-1
413690,6,3,9,3
413689,1,7,8,-6
413688,5,1,6,4
413687,1,4,5,-3
413694,10,1,11,9
413692,1,0,1,1
413686,6,2,8,4
413695,6,3,9,3
413709,12,5,17,7
413699,5,1,6,4
413697,1,5,6,-4
413698,8,4,12,4
413702,6,0,6,6
413710,1,4,5,-3
413696,6,5,11,1
413707,4,5,9,-1
413708,9,10,19,-1
413703,3,5,8,-2
413704,6,2,8,4
413701,3,4,7,-1
413700,4,2,6,2
413705,0,12,12,-12
413706,0,1,1,-1
413711,8,4,12,4
413722,4,1,5,3
413717,4,5,9,-1
413720,5,4,9,1
413713,9,6,15,3
413723,2,0,2,2
413724,1,7,8,-6
413725,2,3,5,-1
413718,3,5,8,-2
413719,0,6,6,-6
413714,2,6,8,-4
413712,9,5,14,4
413716,0,6,6,-6
413721,2,10,12,-8
413715,6,4,10,2
413728,8,5,13,3
413737,7,5,12,2
413738,8,5,13,3
413739,10,7,17,3
413740,4,3,7,1
413733,4,3,7,1
413732,2,6,8,-4
413734,10,2,12,8
413729,6,4,10,2
413730,9,2,11,7
413735,8,7,15,1
413727,6,5,11,1
413731,7,4,11,3
413736,4,6,10,-2
413726,4,14,18,-10
413751,0,2,2,-2
413745,4,5,9,-1
413754,4,9,13,-5
413746,12,3,15,9
413748,5,4,9,1
413744,2,0,2,2
413749,6,5,11,1
413753,2,1,3,1
413747,2,3,5,-1
413743,6,7,13,-1
413741,6,3,9,3
413750,8,1,9,7
413742,8,4,12,4
413752,5,6,11,-1
413767,7,8,15,-1
413760,2,0,2,2
413762,3,4,7,-1
413766,3,2,5,1
413764,5,6,11,-1
413757,4,1,5,3
413761,8,2,10,6
413758,3,2,5,1
413755,2,8,10,-6
413763,4,0,4,4
413756,1,5,6,-4
413765,5,6,11,-1
413759,4,1,5,3
413770,2,4,6,-2
413775,6,2,8,4
413782,10,5,15,5
413768,10,2,12,8
413773,1,0,1,1
413777,5,7,12,-2
413781,7,12,19,-5
413779,1,6,7,-5
413771,0,5,5,-5
413778,1,6,7,-5
413774,1,3,4,-2
413776,2,4,6,-2
413769,2,3,5,-1
413780,2,5,7,-3
413772,4,2,6,2
413784,5,8,13,-3
413786,0,4,4,-4
413787,2,5,7,-3
413788,4,2,6,2
413785,5,7,12,-2
413783,7,6,13,1
413793,1,2,3,-1
413802,5,4,9,1
413801,2,7,9,-5
413798,3,6,9,-3
413791,8,7,15,1
413792,2,3,5,-1
413797,1,4,5,-3
413799,5,4,9,1
413789,6,3,9,3
413800,4,6,10,-2
413795,2,3,5,-1
413794,1,6,7,-5
413796,3,7,10,-4
413803,3,1,4,2
413790,9,0,9,9
413816,5,3,8,2
413806,5,6,11,-1
413808,12,3,15,9
413810,4,2,6,2
413809,2,5,7,-3
413817,6,7,13,-1
413807,4,1,5,3
413813,2,6,8,-4
413804,0,4,4,-4
413815,5,0,5,5
413812,4,5,9,-1
413814,9,0,9,9
413805,1,4,5,-3
413811,3,6,9,-3
413818,1,3,4,-2
413821,5,2,7,3
413823,1,9,10,-8
413827,6,7,13,-1
413829,5,3,8,2
413822,8,3,11,5
413831,1,4,5,-3
413828,2,5,7,-3
413819,3,4,7,-1
413830,2,4,6,-2
413825,2,7,9,-5
413832,5,2,7,3
413820,5,1,6,4
413826,0,7,7,-7
413833,10,11,21,-1
413824,1,2,3,-1
413835,5,2,7,3
413840,1,2,3,-1
413836,6,1,7,5
413839,1,7,8,-6
413837,3,4,7,-1
413842,14,3,17,11
413841,6,3,9,3
413838,7,5,12,2
413846,9,8,17,1
413856,1,2,3,-1
413851,3,7,10,-4
413844,6,13,19,-7
413853,5,2,7,3
413845,1,0,1,1
413843,1,7,8,-6
413852,5,6,11,-1
413848,6,2,8,4
413847,16,10,26,6
413855,7,6,13,1
413857,7,1,8,6
413854,1,14,15,-13
413849,6,3,9,3
413850,2,6,8,-4
413863,0,6,6,-6
413861,3,4,7,-1
413871,7,5,12,2
413866,6,1,7,5
413859,2,4,6,-2
413868,13,4,17,9
413860,5,7,12,-2
413858,2,3,5,-1
413867,3,0,3,3
413862,2,1,3,1
413870,4,5,9,-1
413872,5,8,13,-3
413869,9,2,11,7
413864,2,3,5,-1
413865,2,3,5,-1
413876,4,5,9,-1
413880,9,1,10,8
413881,2,1,3,1
413873,3,6,9,-3
413877,2,4,6,-2
413883,1,2,3,-1
413879,2,3,5,-1
413884,4,1,5,3
413882,0,2,2,-2
413874,6,7,13,-1
413875,1,2,3,-1
413878,3,2,5,1
413886,7,5,12,2
413885,0,1,1,-1
413893,1,6,7,-5
413888,13,1,14,12
413887,7,3,10,4
413898,3,12,15,-9
413899,2,3,5,-1
413896,3,0,3,3
413895,4,6,10,-2
413894,4,1,5,3
413889,5,4,9,1
413897,2,3,5,-1
413891,3,0,3,3
413892,0,2,2,-2
413903,1,4,5,-3
413904,9,3,12,6
413908,8,2,10,6
413914,0,8,8,-8
413913,2,4,6,-2
413901,4,5,9,-1
413900,5,2,7,3
413911,5,3,8,2
413909,2,1,3,1
413910,5,4,9,1
413906,11,8,19,3
413912,1,4,5,-3
413907,8,5,13,3
413918,6,8,14,-2
413917,5,2,7,3
413928,1,5,6,-4
413929,2,6,8,-4
413916,7,18,25,-11
413915,4,5,9,-1
413920,3,5,8,-2
413926,3,6,9,-3
413927,5,4,9,1
413919,7,6,13,1
413924,8,0,8,8
413921,1,3,4,-2
413922,4,2,6,2
413923,4,6,10,-2
413934,6,2,8,4
413942,5,6,11,-1
413941,1,4,5,-3
413943,4,8,12,-4
413936,3,1,4,2
413935,6,9,15,-3
413938,0,4,4,-4
413939,3,1,4,2
413932,5,4,9,1
413937,4,1,5,3
413931,5,4,9,1
413933,9,4,13,5
413940,3,8,11,-5
413949,11,5,16,6
413957,11,8,19,3
413956,2,4,6,-2
413958,13,12,25,1
413951,3,4,7,-1
413950,2,4,6,-2
413953,2,6,8,-4
413954,2,1,3,1
413947,2,3,5,-1
413952,5,11,16,-6
413946,5,12,17,-7
413944,2,6,8,-4
413948,14,3,17,11
413955,2,1,3,1
413965,8,3,11,5
413971,3,2,5,1
413962,10,7,17,3
413960,2,8,10,-6
413963,7,2,9,5
413964,5,7,12,-2
413972,1,4,5,-3
413973,13,4,17,9
413966,3,7,10,-4
413968,8,1,9,7
413969,5,2,7,3
413967,2,5,7,-3
413961,1,9,10,-8
413959,6,3,9,3
413970,3,7,10,-4
413978,3,9,12,-6
413974,6,5,11,1
413981,8,2,10,6
413980,5,1,6,4
413976,5,1,6,4
413977,1,8,9,-7
413979,2,3,5,-1
413975,2,12,14,-10
413988,0,1,1,-1
413994,2,0,2,2
413996,0,4,4,-4
413995,4,9,13,-5
413991,3,4,7,-1
413989,3,2,5,1
413985,3,4,7,-1
413990,7,5,12,2
413987,1,4,5,-3
413993,3,4,7,-1
413984,0,1,1,-1
413992,1,2,3,-1
413983,0,8,8,-8
413986,3,14,17,-11
413982,2,3,5,-1
414004,4,2,6,2
413999,3,5,8,-2
414007,1,2,3,-1
414003,6,1,7,5
413997,4,5,9,-1
414010,11,4,15,7
414006,0,7,7,-7
414009,0,4,4,-4
414002,2,1,3,1
414011,1,0,1,1
414008,4,11,15,-7
414000,8,4,12,4
414005,7,8,15,-1
414001,2,4,6,-2
413998,4,6,10,-2
414026,1,0,1,1
414025,7,10,17,-3
414021,6,2,8,4
414024,2,4,6,-2
414015,0,5,5,-5
414017,6,4,10,2
414023,6,7,13,-1
414014,3,13,16,-10
414022,2,3,5,-1
414018,5,3,8,2
414020,7,1,8,6
414012,0,5,5,-5
414013,0,1,1,-1
414016,6,8,14,-2
414019,8,5,13,3
414030,4,6,10,-2
414031,1,3,4,-2
414036,5,1,6,4
414033,5,2,7,3
414029,3,4,7,-1
414028,9,10,19,-1
414037,2,1,3,1
414032,7,8,15,-1
414035,3,2,5,1
414034,0,2,2,-2
414041,7,1,8,6
414045,2,1,3,1
414046,6,3,9,3
414039,2,3,5,-1
414051,0,2,2,-2
414048,0,9,9,-9
414042,3,5,8,-2
414052,7,1,8,6
414047,2,1,3,1
414043,2,5,7,-3
414044,8,2,10,6
414040,4,7,11,-3
414050,4,5,9,-1
414049,0,6,6,-6
414060,5,7,12,-2
414064,9,1,10,8
414056,3,0,3,3
414061,1,5,6,-4
414054,1,5,6,-4
414066,5,3,8,2
414063,5,7,12,-2
414057,10,3,13,7
414067,11,3,14,8
414062,0,13,13,-13
414058,6,7,13,-1
414059,3,6,9,-3
414055,6,5,11,1
414065,3,4,7,-1
414076,5,6,11,-1
414074,14,4,18,10
414069,1,5,6,-4
414071,4,7,11,-3
414072,4,1,5,3
414070,2,7,9,-5
414068,3,4,7,-1
414078,5,4,9,1
414077,0,11,11,-11
414073,3,2,5,1
414075,7,2,9,5
414092,8,5,13,3
414089,1,3,4,-2
414079,2,9,11,-7
414080,4,5,9,-1
414081,0,7,7,-7
414085,5,6,11,-1
414093,2,8,10,-6
414088,9,3,12,6
414082,7,6,13,1
414091,6,5,11,1
414084,0,2,2,-2
414090,3,4,7,-1
414087,0,6,6,-6
414095,6,2,8,4
414096,1,7,8,-6
414100,6,2,8,4
414094,6,8,14,-2
414103,7,4,11,3
414108,2,7,9,-5
414107,5,7,12,-2
414104,3,2,5,1
414097,4,12,16,-8
414106,6,4,10,2
414099,6,5,11,1
414102,6,2,8,4
414105,2,7,9,-5
414110,2,6,8,-4
414111,6,3,9,3
414123,2,1,3,1
414118,2,8,10,-6
414122,3,4,7,-1
414119,7,4,11,3
414109,4,5,9,-1
414113,3,4,7,-1
414112,2,3,5,-1
414114,1,3,4,-2
414117,2,3,5,-1
414116,9,5,14,4
414121,1,2,3,-1
414120,3,4,7,-1
414115,2,1,3,1
414132,2,5,7,-3
414131,4,3,7,1
414124,2,1,3,1
414129,11,5,16,6
414126,7,10,17,-3
414130,3,4,7,-1
414127,2,8,10,-6
414133,11,1,12,10
414125,5,4,9,1
414128,3,5,8,-2
414146,8,3,11,5
414147,10,2,12,8
414143,7,2,9,5
414140,1,2,3,-1
414134,3,4,7,-1
414141,2,4,6,-2
414142,1,6,7,-5
414138,7,6,13,1
414145,8,1,9,7
414136,4,2,6,2
414148,6,14,20,-8
414137,2,5,7,-3
414135,2,9,11,-7
414144,4,11,15,-7
414139,1,11,12,-10
414150,2,0,2,2
414163,9,6,15,3
414161,0,2,2,-2
414162,1,6,7,-5
414158,2,3,5,-1
414155,6,2,8,4
414149,1,5,6,-4
414156,2,3,5,-1
414154,5,4,9,1
414157,1,2,3,-1
414153,2,5,7,-3
414160,3,4,7,-1
414151,4,2,6,2
414152,1,2,3,-1
414159,4,2,6,2
414172,2,1,3,1
414170,2,4,6,-2
414167,1,13,14,-12
414166,6,3,9,3
414169,5,6,11,-1
414171,3,4,7,-1
414168,1,6,7,-5
414173,4,6,10,-2
414165,5,4,9,1
414174,3,8,11,-5
414164,2,1,3,1
414185,10,11,21,-1
414175,3,1,4,2
414176,3,4,7,-1
414186,10,2,12,8
414177,5,3,8,2
414183,7,0,7,7
414180,8,3,11,5
414188,4,8,12,-4
414187,2,3,5,-1
414184,1,12,13,-11
414182,10,4,14,6
414179,7,6,13,1
414181,4,6,10,-2
414189,10,0,10,10
414178,1,2,3,-1
414192,5,3,8,2
414202,4,6,10,-2
414197,4,3,7,1
414200,1,4,5,-3
414190,6,1,7,5
414191,5,7,12,-2
414201,11,2,13,9
414203,5,6,11,-1
414199,5,1,6,4
414198,1,14,15,-13
414195,10,8,18,2
414204,4,1,5,3
414194,4,3,7,1
414196,7,1,8,6
414193,4,2,6,2
414216,9,8,17,1
414207,6,0,6,6
414213,1,5,6,-4
414205,0,3,3,-3
414206,0,6,6,-6
414218,2,4,6,-2
414217,11,3,14,8
414214,0,6,6,-6
414215,3,0,3,3
414210,1,5,6,-4
414209,7,3,10,4
414211,0,1,1,-1
414219,10,5,15,5
414208,0,5,5,-5
414212,1,2,3,-1
414220,6,10,16,-4
414223,3,2,5,1
414226,1,2,3,-1
414221,3,2,5,1
414224,2,1,3,1
414222,1,2,3,-1
414225,4,3,7,1
414238,4,9,13,-5
414234,8,5,13,3
414235,6,8,14,-2
414227,3,2,5,1
414233,8,1,9,7
414239,10,2,12,8
414241,3,4,7,-1
414240,5,3,8,2
414228,4,2,6,2
414230,0,3,3,-3
414236,4,6,10,-2
414231,3,1,4,2
414237,5,6,11,-1
414229,3,4,7,-1
414232,0,2,2,-2
414251,1,6,7,-5
414253,4,2,6,2
414249,4,3,7,1
414250,2,3,5,-1
414242,4,3,7,1
414248,2,5,7,-3
414254,9,0,9,9
414256,2,1,3,1
414255,1,2,3,-1
414243,6,1,7,5
414245,1,7,8,-6
414246,4,3,7,1
414252,4,2,6,2
414244,3,2,5,1
414247,0,4,4,-4
414258,7,6,13,1
414266,4,5,9,-1
414261,5,6,11,-1
414267,0,5,5,-5
414265,3,7,10,-4
414262,0,4,4,-4
414257,4,8,12,-4
414264,0,3,3,-3
414268,3,1,4,2
414263,1,10,11,-9
414260,5,2,7,3
414259,3,0,3,3
414276,1,4,5,-3
414278,1,2,3,-1
414283,10,9,19,1
414280,4,3,7,1
414273,2,6,8,-4
414269,12,5,17,7
414272,3,7,10,-4
414277,2,5,7,-3
414270,8,5,13,3
414274,11,0,11,11
414281,11,8,19,3
414282,0,5,5,-5
414275,2,3,5,-1
414271,4,5,9,-1
414279,1,2,3,-1
414298,15,4,19,11
414295,3,2,5,1
414291,2,8,10,-6
414293,8,1,9,7
414288,3,2,5,1
414287,1,2,3,-1
414292,5,0,5,5
414290,4,3,7,1
414289,2,3,5,-1
414284,3,8,11,-5
414285,0,1,1,-1
414286,9,6,15,3
414294,0,2,2,-2
414310,2,8,10,-6
414303,10,8,18,2
414302,2,5,7,-3
414307,7,2,9,5
414300,2,5,7,-3
414299,1,6,7,-5
414306,1,9,10,-8
414308,1,4,5,-3
414304,1,2,3,-1
414312,6,1,7,5
414305,8,1,9,7
414301,3,4,7,-1
414309,11,3,14,8
414311,2,11,13,-9
414313,5,2,7,3
414321,1,14,15,-13
414318,5,4,9,1
414323,3,6,9,-3
414320,3,4,7,-1
414316,2,7,9,-5
414326,8,4,12,4
414328,2,1,3,1
414319,0,4,4,-4
414327,10,8,18,2
414314,2,3,5,-1
414322,2,4,6,-2
414317,0,6,6,-6
414325,4,1,5,3
414315,3,6,9,-3
414324,3,4,7,-1
414335,4,1,5,3
414343,2,3,5,-1
414337,1,5,6,-4
414336,1,5,6,-4
414332,9,10,19,-1
414333,1,2,3,-1
414340,7,6,13,1
414342,4,3,7,1
414338,4,5,9,-1
414331,1,2,3,-1
414341,6,3,9,3
414329,4,6,10,-2
414334,1,0,1,1
414339,4,0,4,4
414330,0,8,8,-8
414357,3,12,15,-9
414348,6,4,10,2
414352,2,5,7,-3
414347,5,3,8,2
414351,2,4,6,-2
414355,3,0,3,3
414346,4,6,10,-2
414353,0,7,7,-7
414356,3,1,4,2
414349,3,2,5,1
414350,4,5,9,-1
414358,3,0,3,3
414344,3,4,7,-1
414354,5,4,9,1
414345,3,2,5,1
414360,5,1,6,4
414362,2,12,14,-10
414363,4,5,9,-1
414364,11,5,16,6
414361,5,3,8,2
414359,0,7,7,-7
414372,8,4,12,4
414377,1,2,3,-1
414370,4,1,5,3
414379,2,5,7,-3
414374,4,3,7,1
414367,4,7,11,-3
414378,6,4,10,2
414368,6,3,9,3
414365,7,5,12,2
414373,0,3,3,-3
414371,0,2,2,-2
414375,2,6,8,-4
414376,2,6,8,-4
414369,1,2,3,-1
414366,2,4,6,-2
414393,2,3,5,-1
414385,5,2,7,3
414392,3,0,3,3
414394,5,8,13,-3
414383,0,3,3,-3
414389,9,5,14,4
414380,7,3,10,4
414388,5,1,6,4
414382,0,8,8,-8
414386,6,8,14,-2
414381,8,0,8,8
414390,5,3,8,2
414391,5,2,7,3
414384,4,3,7,1
414409,2,8,10,-6
414404,3,4,7,-1
414407,9,5,14,4
414400,4,1,5,3
414408,5,6,11,-1
414398,6,0,6,6
414395,6,7,13,-1
414403,1,3,4,-2
414402,1,2,3,-1
414397,3,4,7,-1
414396,7,5,12,2
414405,0,3,3,-3
414399,6,3,9,3
414401,2,4,6,-2
414406,1,7,8,-6
414412,5,1,6,4
414411,2,5,7,-3
414414,1,0,1,1
414413,11,4,15,7
414410,8,1,9,7
414419,3,7,10,-4
414417,7,0,7,7
414416,7,2,9,5
414418,4,3,7,1
414425,4,5,9,-1
414432,5,3,8,2
414429,0,1,1,-1
414424,2,5,7,-3
414423,2,15,17,-13
414422,4,6,10,-2
414426,2,1,3,1
414428,0,1,1,-1
414421,6,7,13,-1
414434,6,1,7,5
414431,2,7,9,-5
414430,5,3,8,2
414433,7,4,11,3
414443,4,7,11,-3
414436,8,9,17,-1
414445,3,1,4,2
414448,5,2,7,3
414450,8,0,8,8
414440,4,5,9,-1
414447,6,1,7,5
414439,3,7,10,-4
414438,9,2,11,7
414437,1,3,4,-2
414441,2,4,6,-2
414442,6,7,13,-1
414446,3,7,10,-4
414449,6,5,11,1
414458,7,5,12,2
414451,3,2,5,1
414456,8,4,12,4
414453,2,1,3,1
414454,6,4,10,2
414452,1,2,3,-1
414457,6,2,8,4
414459,7,1,8,6
414460,2,1,3,1
414463,5,7,12,-2
414472,5,4,9,1
414461,7,8,15,-1
414465,2,6,8,-4
414462,5,2,7,3
414469,2,4,6,-2
414471,6,2,8,4
414470,10,8,18,2
414475,4,0,4,4
414464,3,4,7,-1
414467,10,5,15,5
414466,6,2,8,4
414468,2,7,9,-5
414473,2,1,3,1
414474,1,0,1,1
414478,4,2,6,2
414480,2,7,9,-5
414490,4,2,6,2
414482,4,2,6,2
414487,7,5,12,2
414484,2,4,6,-2
414477,1,2,3,-1
414486,9,7,16,2
414481,5,10,15,-5
414485,4,5,9,-1
414479,7,1,8,6
414476,2,8,10,-6
414483,1,2,3,-1
414488,0,2,2,-2
414489,1,2,3,-1
414491,2,6,8,-4
414495,6,7,13,-1
414492,7,3,10,4
414501,0,4,4,-4
414499,4,7,11,-3
414502,4,6,10,-2
414500,3,0,3,3
414505,3,4,7,-1
414494,6,4,10,2
414497,0,2,2,-2
414493,6,3,9,3
414498,6,3,9,3
414504,3,1,4,2
414496,3,2,5,1
414503,4,2,6,2
414510,2,0,2,2
414509,3,11,14,-8
414511,4,6,10,-2
414512,5,3,8,2
414508,3,1,4,2
414507,1,3,4,-2
414513,3,11,14,-8
414506,3,9,12,-6
414516,0,1,1,-1
414528,1,6,7,-5
414521,4,1,5,3
414520,3,4,7,-1
414517,0,6,6,-6
414524,3,2,5,1
414525,5,0,5,5
414514,8,2,10,6
414522,2,11,13,-9
414523,5,6,11,-1
414519,2,0,2,2
414518,2,4,6,-2
414526,3,4,7,-1
414527,2,1,3,1
414515,1,3,4,-2
414537,2,5,7,-3
414535,2,7,9,-5
414543,5,4,9,1
414541,4,2,6,2
414531,2,5,7,-3
414536,0,2,2,-2
414532,12,3,15,9
414539,9,3,12,6
414540,8,5,13,3
414529,2,4,6,-2
414538,1,4,5,-3
414534,7,2,9,5
414533,1,4,5,-3
414542,4,5,9,-1
414530,6,7,13,-1
414549,0,6,6,-6
414548,6,4,10,2
414551,0,7,7,-7
414545,5,6,11,-1
414550,4,5,9,-1
414544,6,2,8,4
414547,0,6,6,-6
414546,3,6,9,-3
414552,5,6,11,-1
414556,5,4,9,1
414564,0,1,1,-1
414562,3,11,14,-8
414557,0,4,4,-4
414566,13,10,23,3
414554,3,5,8,-2
414555,5,7,12,-2
414558,1,5,6,-4
414561,2,6,8,-4
414565,0,10,10,-10
414567,4,8,12,-4
414559,0,4,4,-4
414563,4,5,9,-1
414560,4,3,7,1
414553,1,0,1,1
414581,5,4,9,1
414576,7,11,18,-4
414579,3,4,7,-1
414572,5,4,9,1
414580,8,1,9,7
414574,2,3,5,-1
414569,5,3,8,2
414570,4,5,9,-1
414573,1,4,5,-3
414582,7,2,9,5
414571,3,4,7,-1
414568,4,2,6,2
414577,4,9,13,-5
414578,0,1,1,-1
414575,1,2,3,-1
414587,1,8,9,-7
414584,8,10,18,-2
414585,1,2,3,-1
414588,4,1,5,3
414596,13,5,18,8
414594,0,1,1,-1
414592,5,3,8,2
414595,0,13,13,-13
414597,4,0,4,4
414591,4,3,7,1
414593,8,1,9,7
414583,4,0,4,4
414590,4,2,6,2
414586,1,2,3,-1
414609,0,4,4,-4
414600,0,11,11,-11
414601,0,6,6,-6
414612,1,6,7,-5
414611,3,4,7,-1
414599,4,2,6,2
414607,1,2,3,-1
414605,1,4,5,-3
414603,3,6,9,-3
414604,8,5,13,3
414606,2,3,5,-1
414598,7,3,10,4
414608,9,1,10,8
414610,5,1,6,4
414621,2,3,5,-1
414618,5,8,13,-3
414623,6,5,11,1
414625,2,6,8,-4
414614,4,9,13,-5
414624,3,19,22,-16
414615,0,3,3,-3
414616,5,2,7,3
414627,16,4,20,12
414626,2,3,5,-1
414622,2,12,14,-10
414617,6,0,6,6
414620,2,3,5,-1
414619,7,2,9,5
414613,1,4,5,-3
414641,5,0,5,5
414629,6,4,10,2
414634,1,2,3,-1
414636,0,8,8,-8
414631,17,0,17,17
414632,4,8,12,-4
414630,2,5,7,-3
414640,1,3,4,-2
414637,3,2,5,1
414635,2,10,12,-8
414633,8,4,12,4
414628,2,3,5,-1
414638,2,16,18,-14
414639,0,2,2,-2
414642,5,3,8,2
414644,1,2,3,-1
414655,1,2,3,-1
414648,8,4,12,4
414653,3,1,4,2
414643,7,1,8,6
414656,5,3,8,2
414649,4,9,13,-5
414651,1,7,8,-6
414646,3,4,7,-1
414645,5,2,7,3
414652,3,2,5,1
414650,2,3,5,-1
414654,7,0,7,7
414657,0,1,1,-1
414667,1,4,5,-3
414670,12,4,16,8
414662,2,7,9,-5
414659,4,5,9,-1
414671,4,1,5,3
414664,0,5,5,-5
414666,1,2,3,-1
414660,7,3,10,4
414661,2,7,9,-5
414672,2,1,3,1
414665,9,5,14,4
414658,12,7,19,5
414668,2,4,6,-2
414663,2,5,7,-3
414669,9,5,14,4
414674,5,3,8,2
414676,4,1,5,3
414687,2,3,5,-1
414673,1,4,5,-3
414682,0,6,6,-6
414680,1,5,6,-4
414685,10,1,11,9
414675,4,7,11,-3
414686,4,1,5,3
414681,4,6,10,-2
414679,5,0,5,5
414684,6,2,8,4
414677,3,14,17,-11
414683,8,1,9,7
414678,3,6,9,-3
414692,12,4,16,8
414689,13,9,22,4
414701,0,1,1,-1
414694,2,5,7,-3
414697,2,9,11,-7
414700,2,9,11,-7
414690,13,2,15,11
414691,8,0,8,8
414702,2,3,5,-1
414688,2,3,5,-1
414698,2,7,9,-5
414693,6,2,8,4
414695,4,10,14,-6
414696,0,1,1,-1
414699,2,10,12,-8
414708,11,8,19,3
414704,8,5,13,3
414709,8,5,13,3
414707,2,4,6,-2
414703,2,13,15,-11
414705,3,4,7,-1
414706,4,1,5,3
414714,6,7,13,-1
414711,1,3,4,-2
414721,11,6,17,5
414712,6,4,10,2
414715,7,3,10,4
414724,3,4,7,-1
414723,4,3,7,1
414718,0,1,1,-1
414720,8,6,14,2
414713,6,2,8,4
414719,2,3,5,-1
414710,5,10,15,-5
414716,13,3,16,10
414717,0,7,7,-7
414722,3,2,5,1
414730,2,8,10,-6
414739,1,0,1,1
414736,2,10,12,-8
414728,1,6,7,-5
414731,1,2,3,-1
414729,5,2,7,3
414726,1,2,3,-1
414727,1,5,6,-4
414738,6,1,7,5
414733,5,2,7,3
414735,8,2,10,6
414734,1,4,5,-3
414725,8,7,15,1
414732,8,2,10,6
414737,0,6,6,-6
414743,8,7,15,1
414742,8,6,14,2
414748,6,3,9,3
414747,2,0,2,2
414745,4,0,4,4
414740,4,6,10,-2
414749,8,13,21,-5
414741,0,7,7,-7
414744,5,4,9,1
414750,5,1,6,4
414746,0,4,4,-4
414757,3,4,7,-1
414765,5,2,7,3
414752,2,3,5,-1
414764,2,12,14,-10
414754,4,5,9,-1
414756,1,2,3,-1
414753,4,3,7,1
414760,7,1,8,6
414762,3,2,5,1
414761,4,10,14,-6
414755,2,3,5,-1
414759,5,2,7,3
414763,3,1,4,2
414751,2,4,6,-2
414758,8,6,14,2
414779,4,0,4,4
414776,5,2,7,3
414774,3,2,5,1
414773,5,7,12,-2
414767,4,8,12,-4
414768,1,4,5,-3
414775,2,3,5,-1
414777,9,6,15,3
414778,2,4,6,-2
414770,1,8,9,-7
414766,2,7,9,-5
414794,2,3,5,-1
414784,4,5,9,-1
414786,2,7,9,-5
414783,5,3,8,2
414790,2,0,2,2
414782,2,1,3,1
414792,1,3,4,-2
414791,3,5,8,-2
414793,2,3,5,-1
414789,5,3,8,2
414788,3,6,9,-3
414781,6,4,10,2
414785,1,4,5,-3
414804,8,1,9,7
414801,7,4,11,3
414796,3,1,4,2
414797,7,1,8,6
414802,7,11,18,-4
414799,1,6,7,-5
414800,6,10,16,-4
414798,1,7,8,-6
414803,1,4,5,-3
414818,8,6,14,2
414812,4,3,7,1
414805,4,3,7,1
414815,5,4,9,1
414807,1,0,1,1
414808,6,2,8,4
414813,8,5,13,3
414819,6,1,7,5
414817,3,5,8,-2
414810,0,4,4,-4
414806,2,1,3,1
414811,6,4,10,2
414809,2,1,3,1
414814,1,2,3,-1
414816,5,0,5,5
414828,1,2,3,-1
414820,2,11,13,-9
414824,1,4,5,-3
414831,7,0,7,7
414833,2,4,6,-2
414829,3,1,4,2
414827,9,5,14,4
414830,9,3,12,6
414822,2,0,2,2
414823,8,1,9,7
414834,1,4,5,-3
414832,5,6,11,-1
414825,5,6,11,-1
414821,7,1,8,6
414826,4,3,7,1
414837,5,4,9,1
414844,4,5,9,-1
414841,8,4,12,4
414836,6,1,7,5
414839,8,7,15,1
414845,2,0,2,2
414835,12,6,18,6
414846,1,2,3,-1
414842,5,3,8,2
414840,2,0,2,2
414838,1,8,9,-7
414843,0,4,4,-4
414852,2,1,3,1
414859,1,2,3,-1
414849,5,2,7,3
414860,5,7,12,-2
414861,6,8,14,-2
414851,12,8,20,4
414853,12,1,13,11
414856,1,2,3,-1
414847,8,2,10,6
414854,2,3,5,-1
414848,0,1,1,-1
414857,2,1,3,1
414858,9,5,14,4
414850,3,4,7,-1
414855,2,1,3,1
414874,3,9,12,-6
414875,2,3,5,-1
414876,3,8,11,-5
414866,1,6,7,-5
414863,2,3,5,-1
414872,1,2,3,-1
414864,0,1,1,-1
414873,0,2,2,-2
414870,3,4,7,-1
414869,5,3,8,2
414871,5,9,14,-4
414867,2,7,9,-5
414868,7,3,10,4
414862,13,0,13,13
414865,3,7,10,-4
414890,8,1,9,7
414891,10,5,15,5
414883,6,1,7,5
414881,4,5,9,-1
414879,3,5,8,-2
414886,4,0,4,4
414884,2,3,5,-1
414878,9,1,10,8
414887,1,3,4,-2
414882,0,2,2,-2
414888,2,1,3,1
414880,6,4,10,2
414885,8,0,8,8
414877,12,6,18,6
414889,1,3,4,-2
414894,3,2,5,1
414899,1,2,3,-1
414896,9,4,13,5
414900,6,0,6,6
414893,2,4,6,-2
414902,2,4,6,-2
414892,5,3,8,2
414895,12,5,17,7
414898,7,10,17,-3
414897,3,0,3,3
414907,5,0,5,5
414914,2,3,5,-1
414912,4,3,7,1
414909,0,2,2,-2
414910,3,4,7,-1
414904,4,2,6,2
414906,3,8,11,-5
414917,2,1,3,1
414905,4,3,7,1
414903,10,2,12,8
414908,6,7,13,-1
414913,7,2,9,5
414911,0,3,3,-3
414921,3,5,8,-2
414920,5,6,11,-1
414923,5,4,9,1
414926,4,1,5,3
414929,2,5,7,-3
414927,4,5,9,-1
414924,2,4,6,-2
414925,3,6,9,-3
414930,6,5,11,1
414919,7,4,11,3
414931,7,9,16,-2
414932,6,7,13,-1
414918,3,2,5,1
414928,0,5,5,-5
414938,2,6,8,-4
414941,3,8,11,-5
414942,0,2,2,-2
414940,4,1,5,3
414937,1,3,4,-2
414935,0,2,2,-2
414936,4,2,6,2
414934,3,5,8,-2
414933,2,7,9,-5
414939,0,6,6,-6
414946,1,0,1,1
414957,2,3,5,-1
414955,2,5,7,-3
414944,2,4,6,-2
414952,1,5,6,-4
414949,1,3,4,-2
414947,1,0,1,1
414951,5,1,6,4
414954,3,4,7,-1
414956,0,3,3,-3
414948,6,8,14,-2
414945,3,5,8,-2
414943,7,3,10,4
414950,2,3,5,-1
414953,2,15,17,-13
414971,6,2,8,4
414963,5,9,14,-4
414961,5,1,6,4
414959,2,4,6,-2
414964,0,3,3,-3
414960,2,3,5,-1
414962,3,14,17,-11
414967,5,4,9,1
414972,7,4,11,3
414970,5,6,11,-1
414966,3,5,8,-2
414969,6,5,11,1
414968,5,8,13,-3
414958,0,5,5,-5
414965,7,1,8,6
414974,3,5,8,-2
414982,2,0,2,2
414979,3,4,7,-1
414977,1,8,9,-7
414987,3,2,5,1
414981,8,6,14,2
414986,10,11,21,-1
414978,1,7,8,-6
414976,1,3,4,-2
414984,2,1,3,1
414983,2,4,6,-2
414973,10,3,13,7
414975,3,11,14,-8
414980,3,4,7,-1
414985,5,6,11,-1
414996,3,6,9,-3
415000,3,4,7,-1
415002,2,6,8,-4
414989,3,7,10,-4
414992,1,6,7,-5
414991,2,4,6,-2
415003,2,3,5,-1
414999,1,4,5,-3
414998,2,3,5,-1
415001,6,5,11,1
414990,0,1,1,-1
414997,5,0,5,5
414993,2,4,6,-2
415015,4,3,7,1
415017,3,2,5,1
415009,7,6,13,1
415010,4,2,6,2
415011,1,3,4,-2
415004,3,0,3,3
415007,9,4,13,5
415018,7,6,13,1
415006,4,0,4,4
415014,5,8,13,-3
415013,2,12,14,-10
415016,8,4,12,4
415008,4,5,9,-1
415005,0,3,3,-3
415012,2,3,5,-1
415030,1,2,3,-1
415032,0,4,4,-4
415019,9,3,12,6
415022,5,3,8,2
415025,5,0,5,5
415026,7,8,15,-1
415033,0,10,10,-10
415024,4,1,5,3
415029,1,6,7,-5
415028,3,1,4,2
415027,1,14,15,-13
415031,2,1,3,1
415021,4,1,5,3
415038,2,7,9,-5
415042,3,5,8,-2
415040,4,5,9,-1
415035,4,5,9,-1
415036,5,7,12,-2
415039,10,7,17,3
415043,7,8,15,-1
415037,1,3,4,-2
415041,2,4,6,-2
415051,7,2,9,5
415056,1,0,1,1
415044,2,3,5,-1
415053,11,9,20,2
415046,5,4,9,1
415048,3,4,7,-1
415045,3,8,11,-5
415052,1,3,4,-2
415055,8,5,13,3
415047,1,8,9,-7
415057,9,0,9,9
415049,3,0,3,3
415058,7,1,8,6
415050,0,7,7,-7
415054,9,3,12,6
415063,3,1,4,2
415066,3,4,7,-1
415071,4,5,9,-1
415062,7,5,12,2
415072,10,8,18,2
415069,7,1,8,6
415059,3,4,7,-1
415068,4,9,13,-5
415060,2,4,6,-2
415067,1,5,6,-4
415070,3,2,5,1
415064,5,3,8,2
415073,3,4,7,-1
415065,2,5,7,-3
415074,3,9,12,-6
415081,3,2,5,1
415082,5,2,7,3
415080,3,0,3,3
415083,3,7,10,-4
415077,3,0,3,3
415076,8,1,9,7
414589,3,4,7,-1
415075,4,5,9,-1
415079,3,8,11,-5
415078,4,0,4,4
415095,5,3,8,2
415098,5,7,12,-2
415088,1,2,3,-1
415090,7,2,9,5
415085,1,3,4,-2
415086,6,0,6,6
415089,4,0,4,4
415093,1,10,11,-9
415084,2,4,6,-2
415087,5,6,11,-1
415092,2,1,3,1
415096,4,2,6,2
415097,2,5,7,-3
415091,1,3,4,-2
415094,3,9,12,-6
415103,5,1,6,4
415109,1,2,3,-1
415110,5,0,5,5
415112,8,6,14,2
415100,5,1,6,4
415113,9,3,12,6
415104,1,2,3,-1
415105,2,15,17,-13
415101,10,3,13,7
415108,8,5,13,3
415099,0,1,1,-1
415102,5,2,7,3
415107,0,2,2,-2
415106,1,3,4,-2
415111,7,6,13,1
415120,2,3,5,-1
415115,5,2,7,3
415116,2,1,3,1
415128,1,3,4,-2
415119,1,5,6,-4
415123,7,2,9,5
415114,3,2,5,1
415125,11,5,16,6
415126,7,13,20,-6
415124,3,4,7,-1
415117,7,17,24,-10
415127,5,6,11,-1
415121,2,3,5,-1
415122,0,3,3,-3
415118,1,11,12,-10
415130,1,2,3,-1
415135,9,4,13,5
415134,2,5,7,-3
415131,10,8,18,2
415133,8,9,17,-1
415137,6,2,8,4
415132,1,4,5,-3
415129,4,3,7,1
415136,2,4,6,-2
415140,3,7,10,-4
415149,3,2,5,1
415145,2,1,3,1
415151,0,4,4,-4
415144,2,10,12,-8
415141,9,4,13,5
415152,1,4,5,-3
415143,7,2,9,5
415147,21,5,26,16
415138,5,10,15,-5
415150,8,7,15,1
415142,4,0,4,4
415148,2,0,2,2
415139,8,4,12,4
415146,5,2,7,3
415160,1,12,13,-11
415159,2,1,3,1
415165,10,4,14,6
415158,2,3,5,-1
415154,8,2,10,6
415161,0,5,5,-5
415155,0,2,2,-2
415164,2,8,10,-6
415166,7,3,10,4
415156,9,2,11,7
415167,7,2,9,5
415162,2,5,7,-3
415153,3,6,9,-3
415157,1,0,1,1
415163,7,10,17,-3
415178,8,7,15,1
415180,1,0,1,1
415174,9,8,17,1
415169,1,4,5,-3
415175,2,5,7,-3
415177,5,15,20,-10
415170,2,8,10,-6
415173,8,9,17,-1
415176,6,7,13,-1
415168,0,3,3,-3
415179,5,9,14,-4
415171,5,2,7,3
415172,3,1,4,2
415187,7,8,15,-1
415183,3,9,12,-6
415188,6,7,13,-1
415195,1,2,3,-1
415190,5,4,9,1
415194,5,7,12,-2
415191,8,3,11,5
415193,3,6,9,-3
415182,6,4,10,2
415192,6,1,7,5
415189,13,6,19,7
415184,4,1,5,3
415186,0,7,7,-7
415185,2,1,3,1
415181,3,5,8,-2
415203,7,6,13,1
415209,7,11,18,-4
415196,1,3,4,-2
415202,2,6,8,-4
415198,2,12,14,-10
415197,2,9,11,-7
415210,2,3,5,-1
415205,3,4,7,-1
415207,2,3,5,-1
415206,5,3,8,2
415204,2,8,10,-6
415199,4,2,6,2
415201,6,2,8,4
415208,9,7,16,2
415200,1,5,6,-4
415218,2,5,7,-3
415220,3,0,3,3
415221,2,5,7,-3
415217,6,1,7,5
415224,4,3,7,1
415213,6,2,8,4
415212,1,4,5,-3
415222,4,1,5,3
415219,12,3,15,9
415214,4,3,7,1
415216,2,3,5,-1
415223,1,2,3,-1
415215,1,2,3,-1
415211,3,5,8,-2
415225,2,5,7,-3
415231,1,5,6,-4
415226,6,4,10,2
415235,8,9,17,-1
415232,12,1,13,11
415230,9,12,21,-3
415236,5,4,9,1
415233,13,5,18,8
415234,8,7,15,1
415229,4,5,9,-1
415227,9,2,11,7
415237,4,5,9,-1
415240,5,0,5,5
415244,2,6,8,-4
415239,3,13,16,-10
415245,1,3,4,-2
415243,5,1,6,4
415250,2,3,5,-1
415249,8,3,11,5
415246,5,1,6,4
415242,3,4,7,-1
415251,11,3,14,8
415247,1,4,5,-3
415248,10,4,14,6
415241,2,0,2,2
415238,0,5,5,-5
415266,5,6,11,-1
415263,5,7,12,-2
415256,3,4,7,-1
415253,7,3,10,4
415252,11,4,15,7
415255,5,7,12,-2
415259,4,3,7,1
415254,2,1,3,1
415260,7,9,16,-2
415258,1,2,3,-1
415265,4,3,7,1
415264,6,1,7,5
415261,8,6,14,2
415257,3,4,7,-1
415262,5,8,13,-3
415276,3,0,3,3
415271,10,8,18,2
415270,6,8,14,-2
415274,1,10,11,-9
415267,3,8,11,-5
415268,1,2,3,-1
415273,3,9,12,-6
415272,8,9,17,-1
415275,4,5,9,-1
415269,5,4,9,1
415288,3,7,10,-4
415281,5,4,9,1
415283,4,5,9,-1
415291,2,1,3,1
415278,7,2,9,5
415286,4,3,7,1
415285,10,9,19,1
415284,3,6,9,-3
415279,2,3,5,-1
415289,6,0,6,6
415280,0,2,2,-2
415277,4,8,12,-4
415282,1,3,4,-2
415290,3,4,7,-1
415287,4,3,7,1
415306,6,0,6,6
415297,1,2,3,-1
415298,5,6,11,-1
415303,6,8,14,-2
415305,11,3,14,8
415301,4,5,9,-1
415296,1,6,7,-5
415293,6,7,13,-1
415300,4,17,21,-13
415294,6,7,13,-1
415299,2,7,9,-5
415304,3,0,3,3
415295,4,1,5,3
415302,4,2,6,2
415292,5,0,5,5
415321,2,0,2,2
415308,7,2,9,5
415316,3,4,7,-1
415315,1,8,9,-7
415311,6,4,10,2
415309,4,5,9,-1
415319,4,5,9,-1
415318,0,2,2,-2
415307,4,5,9,-1
415312,4,5,9,-1
415310,3,4,7,-1
415320,2,4,6,-2
415317,5,3,8,2
415314,4,1,5,3
415313,6,13,19,-7
415325,2,4,6,-2
415326,0,4,4,-4
415322,2,8,10,-6
415327,3,13,16,-10
415328,8,3,11,5
415324,1,2,3,-1
415323,3,2,5,1
415339,2,4,6,-2
415334,0,4,4,-4
415330,0,2,2,-2
415332,4,5,9,-1
415338,4,5,9,-1
415337,3,6,9,-3
415335,1,6,7,-5
415342,2,3,5,-1
415329,0,3,3,-3
415341,3,4,7,-1
415340,1,13,14,-12
415343,0,5,5,-5
415333,6,11,17,-5
415331,5,6,11,-1
415336,1,3,4,-2
415348,7,3,10,4
415346,0,3,3,-3
415355,7,6,13,1
415351,2,0,2,2
415347,6,14,20,-8
415354,3,10,13,-7
415349,0,3,3,-3
415345,6,9,15,-3
415353,1,2,3,-1
415352,2,3,5,-1
415350,7,4,11,3
415357,1,11,12,-10
415344,2,3,5,-1
415356,2,4,6,-2
415358,0,3,3,-3
415361,3,12,15,-9
415364,2,4,6,-2
415366,6,5,11,1
415362,2,9,11,-7
415363,8,6,14,2
415365,10,5,15,5
415359,7,6,13,1
415360,10,3,13,7
415367,1,3,4,-2
415370,6,5,11,1
415376,6,8,14,-2
415375,4,3,7,1
415378,3,2,5,1
415380,1,15,16,-14
415369,2,3,5,-1
415381,3,5,8,-2
415373,1,5,6,-4
415368,1,4,5,-3
415372,6,1,7,5
415377,1,3,4,-2
415374,1,3,4,-2
415379,9,5,14,4
415371,3,5,8,-2
415382,5,8,13,-3
415390,4,1,5,3
415395,10,22,32,-12
415391,3,4,7,-1
415388,4,2,6,2
415383,4,9,13,-5
415393,5,3,8,2
415387,1,4,5,-3
415384,8,4,12,4
415385,6,3,9,3
415392,2,4,6,-2
415389,2,6,8,-4
415396,4,12,16,-8
415394,7,5,12,2
415386,3,8,11,-5
415397,6,12,18,-6
415405,1,3,4,-2
415408,8,1,9,7
415406,2,18,20,-16
415410,10,8,18,2
415399,1,2,3,-1
415403,5,6,11,-1
415402,1,4,5,-3
415400,1,3,4,-2
415407,1,6,7,-5
415404,6,4,10,2
415411,3,5,8,-2
415412,0,5,5,-5
415401,1,2,3,-1
415409,0,5,5,-5
415398,3,4,7,-1
415419,2,4,6,-2
415413,4,1,5,3
415418,7,8,15,-1
415416,8,2,10,6
415420,3,4,7,-1
415421,1,2,3,-1
415422,9,2,11,7
415417,6,2,8,4
415415,1,2,3,-1
415414,3,5,8,-2
415432,5,3,8,2
415423,8,9,17,-1
415436,8,5,13,3
415431,4,8,12,-4
415426,1,9,10,-8
415428,3,1,4,2
415427,10,8,18,2
415433,3,2,5,1
415435,2,3,5,-1
415430,9,6,15,3
415434,2,0,2,2
415437,15,6,21,9
415429,4,5,9,-1
415425,3,5,8,-2
415424,0,9,9,-9
415446,3,4,7,-1
415448,2,7,9,-5
415445,7,8,15,-1
415444,2,5,7,-3
415439,2,3,5,-1
415447,4,5,9,-1
415438,1,4,5,-3
415451,4,7,11,-3
415441,4,6,10,-2
415443,4,3,7,1
415449,3,4,7,-1
415442,15,8,23,7
415450,2,3,5,-1
415452,4,1,5,3
415440,0,1,1,-1
415460,0,4,4,-4
415458,15,2,17,13
415456,3,2,5,1
415462,0,4,4,-4
415453,5,4,9,1
415457,1,4,5,-3
415459,7,9,16,-2
415454,1,7,8,-6
415461,1,0,1,1
415463,2,3,5,-1
415455,8,2,10,6
415465,3,5,8,-2
415474,6,4,10,2
415471,4,3,7,1
415467,7,3,10,4
415470,10,3,13,7
415477,2,0,2,2
415464,6,3,9,3
415468,2,7,9,-5
415473,7,1,8,6
415469,0,3,3,-3
415472,14,9,23,5
415476,2,1,3,1
415478,9,2,11,7
415475,3,9,12,-6
415466,11,4,15,7
415482,2,6,8,-4
415489,2,3,5,-1
415480,7,9,16,-2
415486,3,2,5,1
415485,1,6,7,-5
415492,5,3,8,2
415479,11,7,18,4
415483,6,3,9,3
415484,1,3,4,-2
415488,4,2,6,2
415487,14,9,23,5
415490,0,8,8,-8
415491,5,4,9,1
415493,15,3,18,12
415481,6,3,9,3
415497,4,3,7,1
415507,4,2,6,2
415494,4,0,4,4
415503,2,0,2,2
415498,8,6,14,2
415501,4,3,7,1
415500,5,9,14,-4
415499,2,3,5,-1
415495,3,9,12,-6
415508,12,5,17,7
415506,2,8,10,-6
415502,5,1,6,4
415505,10,3,13,7
415496,6,8,14,-2
415504,2,5,7,-3
414602,1,2,3,-1
415513,16,7,23,9
415512,0,1,1,-1
414647,5,12,17,-7
415511,3,5,8,-2
415515,5,2,7,3
415509,3,8,11,-5
415510,5,4,9,1
415514,11,5,16,6
415516,5,3,8,2
415529,3,8,11,-5
415526,6,5,11,1
415522,15,1,16,14
415517,8,7,15,1
415523,5,1,6,4
415525,11,7,18,4
415521,5,1,6,4
415528,2,5,7,-3
415524,6,11,17,-5
415531,6,5,11,1
415518,2,3,5,-1
415519,4,5,9,-1
415530,9,1,10,8
415527,5,6,11,-1
415520,8,5,13,3
415537,6,2,8,4
415542,2,8,10,-6
415544,6,5,11,1
415541,9,4,13,5
415532,0,5,5,-5
415538,7,4,11,3
415540,5,3,8,2
415536,6,3,9,3
415543,7,2,9,5
415539,2,6,8,-4
415546,12,4,16,8
415533,8,5,13,3
415534,3,0,3,3
415545,3,1,4,2
415535,2,4,6,-2
415550,1,0,1,1
415547,2,0,2,2
415557,1,4,5,-3
415548,3,5,8,-2
415549,1,9,10,-8
415554,2,4,6,-2
415552,9,5,14,4
415551,4,5,9,-1
415553,2,1,3,1
415555,2,4,6,-2
415556,5,3,8,2
415563,3,5,8,-2
415570,1,7,8,-6
415567,4,3,7,1
415564,3,5,8,-2
415558,1,3,4,-2
415560,6,4,10,2
415566,3,2,5,1
415568,15,4,19,11
415559,1,4,5,-3
415565,0,3,3,-3
415571,2,0,2,2
415562,0,5,5,-5
415569,4,6,10,-2
415561,1,4,5,-3
415572,4,5,9,-1
415579,1,15,16,-14
415575,3,1,4,2
415587,6,0,6,6
415581,6,3,9,3
415578,3,4,7,-1
415585,3,4,7,-1
415582,1,5,6,-4
415573,3,8,11,-5
415580,4,1,5,3
415586,7,6,13,1
415583,3,1,4,2
415577,12,9,21,3
415574,3,4,7,-1
415584,3,2,5,1
415576,2,5,7,-3
415594,2,9,11,-7
415588,2,9,11,-7
415590,4,5,9,-1
415596,2,3,5,-1
415593,5,0,5,5
415600,9,4,13,5
415597,4,7,11,-3
415598,20,6,26,14
415595,5,7,12,-2
415601,5,6,11,-1
415592,1,4,5,-3
415589,0,6,6,-6
415602,7,5,12,2
415599,7,4,11,3
415591,2,0,2,2
415612,6,3,9,3
415606,4,2,6,2
415609,1,3,4,-2
415607,4,0,4,4
415608,3,4,7,-1
415605,13,6,19,7
415610,3,8,11,-5
415614,5,8,13,-3
415604,4,5,9,-1
415603,5,11,16,-6
415611,4,5,9,-1
415613,0,7,7,-7
415627,11,2,13,9
415619,3,5,8,-2
415623,14,8,22,6
415621,7,1,8,6
415622,3,1,4,2
415618,4,5,9,-1
415620,6,5,11,1
415625,7,5,12,2
415617,6,8,14,-2
415624,4,7,11,-3
415629,5,8,13,-3
415615,6,2,8,4
415626,1,2,3,-1
415628,8,6,14,2
415636,7,3,10,4
415633,7,4,11,3
415630,9,4,13,5
415637,13,8,21,5
415642,6,7,13,-1
415634,1,5,6,-4
415638,4,9,13,-5
415635,1,12,13,-11
415640,8,3,11,5
415632,0,3,3,-3
415639,4,9,13,-5
415644,4,3,7,1
415631,4,9,13,-5
415641,1,2,3,-1
415643,4,3,7,1
415646,6,4,10,2
415645,1,15,16,-14
415649,3,5,8,-2
415647,7,15,22,-8
415650,3,11,14,-8
415648,7,10,17,-3
415651,5,14,19,-9
415652,2,5,7,-3
415664,2,5,7,-3
415653,10,2,12,8
415655,8,1,9,7
415660,5,7,12,-2
415659,5,6,11,-1
415658,0,8,8,-8
415654,12,1,13,11
415661,9,3,12,6
415663,1,2,3,-1
415662,11,8,19,3
415665,2,5,7,-3
415656,8,4,12,4
415679,3,2,5,1
415668,1,5,6,-4
415666,0,2,2,-2
415676,1,4,5,-3
415675,2,9,11,-7
415667,2,8,10,-6
415670,0,6,6,-6
415673,3,2,5,1
415669,6,1,7,5
415674,7,0,7,7
415678,7,3,10,4
415671,2,0,2,2
415677,8,3,11,5
415680,2,1,3,1
415694,4,6,10,-2
415683,4,10,14,-6
415685,4,0,4,4
415689,3,4,7,-1
415687,3,6,9,-3
415690,2,6,8,-4
415682,4,8,12,-4
415688,5,8,13,-3
415684,7,5,12,2
415681,4,6,10,-2
415695,0,7,7,-7
415692,3,2,5,1
415686,5,1,6,4
415693,7,4,11,3
415691,7,1,8,6
415705,8,5,13,3
415697,6,8,14,-2
415708,4,5,9,-1
415706,1,3,4,-2
415703,9,1,10,8
415710,4,11,15,-7
415699,3,2,5,1
415698,9,0,9,9
415701,9,10,19,-1
415700,6,4,10,2
415707,1,6,7,-5
415709,3,0,3,3
415696,7,2,9,5
415704,6,2,8,4
415702,7,5,12,2
415720,8,7,15,1
415711,0,5,5,-5
415712,2,1,3,1
415723,7,8,15,-1
415721,7,3,10,4
415725,5,1,6,4
415718,4,6,10,-2
415719,2,4,6,-2
415714,4,7,11,-3
415713,8,5,13,3
415722,6,2,8,4
415717,6,4,10,2
415716,0,4,4,-4
415715,1,2,3,-1
415724,9,6,15,3
415728,3,4,7,-1
415735,5,3,8,2
415726,8,1,9,7
415727,5,3,8,2
415738,8,0,8,8
415736,5,4,9,1
415740,4,10,14,-6
415733,2,5,7,-3
415734,3,2,5,1
415729,6,4,10,2
415730,4,11,15,-7
415737,1,2,3,-1
415732,2,3,5,-1
415731,11,5,16,6
415739,0,6,6,-6
415023,4,3,7,1
415746,0,5,5,-5
415743,6,4,10,2
415742,5,7,12,-2
415745,0,11,11,-11
415744,7,2,9,5
415753,8,14,22,-6
415761,11,5,16,6
415755,3,6,9,-3
415748,4,8,12,-4
415762,1,2,3,-1
415757,5,1,6,4
415758,0,4,4,-4
415756,6,2,8,4
415754,4,12,16,-8
415752,2,3,5,-1
415750,4,2,6,2
415759,1,9,10,-8
415768,14,6,20,8
415775,1,5,6,-4
415763,10,4,14,6
415764,5,7,12,-2
415770,2,10,12,-8
415772,6,4,10,2
415771,2,8,10,-6
415777,0,2,2,-2
415773,5,3,8,2
415769,9,5,14,4
415767,2,3,5,-1
415774,0,8,8,-8
415765,2,7,9,-5
415791,0,5,5,-5
415790,9,2,11,7
415778,2,0,2,2
415792,5,0,5,5
415779,4,7,11,-3
415787,10,7,17,3
415785,6,7,13,-1
415786,7,0,7,7
415788,4,12,16,-8
415782,5,3,8,2
415789,3,10,13,-7
415784,4,3,7,1
415780,3,2,5,1
415783,2,8,10,-6
415794,0,2,2,-2
415804,8,7,15,1
415799,3,8,11,-5
415800,3,4,7,-1
415801,4,1,5,3
415798,3,5,8,-2
415797,1,7,8,-6
415802,7,8,15,-1
415803,10,3,13,7
415796,1,4,5,-3
415793,1,10,11,-9
415795,3,5,8,-2
415806,5,6,11,-1
415819,4,0,4,4
415812,2,0,2,2
415818,2,3,5,-1
415813,9,3,12,6
415814,3,6,9,-3
415811,5,6,11,-1
415810,5,4,9,1
415815,17,6,23,11
415817,3,1,4,2
415816,4,6,10,-2
415809,5,4,9,1
415805,4,3,7,1
415808,9,8,17,1
415821,10,1,11,9
415822,3,2,5,1
415834,12,2,14,10
415827,1,5,6,-4
415833,9,1,10,8
415828,6,0,6,6
415829,3,1,4,2
415826,3,14,17,-11
415825,7,4,11,3
415830,4,9,13,-5
415832,5,4,9,1
415831,4,3,7,1
415824,0,2,2,-2
415820,1,3,4,-2
415823,3,5,8,-2
415837,9,6,15,3
415841,4,2,6,2
415840,6,4,10,2
415839,8,4,12,4
415836,4,3,7,1
415843,5,0,5,5
415838,2,8,10,-6
415835,11,8,19,3
415842,6,3,9,3
415858,3,8,11,-5
415851,4,5,9,-1
415847,1,6,7,-5
415850,4,5,9,-1
415846,6,8,14,-2
415848,1,12,13,-11
415852,1,5,6,-4
415854,1,2,3,-1
415857,3,1,4,2
415853,4,3,7,1
415849,5,3,8,2
415856,4,7,11,-3
415855,2,6,8,-4
415845,2,0,2,2
415873,4,5,9,-1
415867,5,0,5,5
415860,6,0,6,6
415866,2,5,7,-3
415862,7,6,13,1
415861,2,1,3,1
415865,5,6,11,-1
415868,6,10,16,-4
415869,1,2,3,-1
415863,4,3,7,1
415864,9,7,16,2
415872,1,10,11,-9
415871,2,10,12,-8
415870,3,2,5,1
415877,4,3,7,1
415880,10,3,13,7
415876,6,7,13,-1
415878,3,6,9,-3
415884,1,2,3,-1
415881,3,13,16,-10
415883,1,5,6,-4
415874,1,8,9,-7
415879,4,8,12,-4
415888,4,3,7,1
415887,9,2,11,7
415875,1,5,6,-4
415885,4,3,7,1
415886,10,4,14,6
415882,11,2,13,9
415896,2,4,6,-2
415898,7,8,15,-1
415891,0,4,4,-4
415895,5,9,14,-4
415889,3,6,9,-3
415894,1,2,3,-1
415897,9,3,12,6
415890,8,4,12,4
415902,4,1,5,3
415907,6,4,10,2
415903,1,2,3,-1
415912,5,2,7,3
415901,6,2,8,4
415908,6,2,8,4
415906,0,4,4,-4
415899,4,3,7,1
415910,11,2,13,9
415905,1,3,4,-2
415904,1,3,4,-2
415909,6,3,9,3
415913,8,6,14,2
415900,8,0,8,8
415911,4,2,6,2
415918,4,7,11,-3
415914,6,5,11,1
415917,4,3,7,1
415922,0,4,4,-4
415927,6,2,8,4
415916,6,3,9,3
415923,3,4,7,-1
415921,4,1,5,3
415925,3,4,7,-1
415920,2,4,6,-2
415919,2,10,12,-8
415924,13,7,20,6
415928,10,3,13,7
415915,1,4,5,-3
415926,4,5,9,-1
415929,3,6,9,-3
415935,5,4,9,1
415939,8,1,9,7
415892,5,4,9,1
415930,2,3,5,-1
415933,6,4,10,2
415938,4,2,6,2
415934,0,1,1,-1
415932,3,7,10,-4
415936,4,10,14,-6
415931,6,3,9,3
415937,4,5,9,-1
415950,3,2,5,1
415949,8,2,10,6
415943,5,2,7,3
415953,3,5,8,-2
415947,4,6,10,-2
415942,0,7,7,-7
415948,12,5,17,7
415941,11,12,23,-1
415944,6,0,6,6
415945,4,7,11,-3
415954,6,2,8,4
415946,4,3,7,1
415951,4,8,12,-4
415952,4,5,9,-1
415940,6,3,9,3
415965,4,0,4,4
415969,7,9,16,-2
415968,8,10,18,-2
415957,0,8,8,-8
415967,14,10,24,4
415964,1,2,3,-1
415958,1,2,3,-1
415963,10,2,12,8
415962,6,2,8,4
415959,9,5,14,4
415956,2,6,8,-4
415961,1,5,6,-4
415960,6,8,14,-2
415955,0,3,3,-3
415966,2,3,5,-1
415973,1,6,7,-5
415983,4,5,9,-1
415977,7,1,8,6
415978,8,1,9,7
415971,5,9,14,-4
415972,0,2,2,-2
415979,12,5,17,7
415974,0,3,3,-3
415984,2,4,6,-2
415976,8,4,12,4
415981,2,3,5,-1
415982,5,4,9,1
415975,5,12,17,-7
415970,4,2,6,2
415980,0,4,4,-4
414922,1,5,6,-4
415991,3,0,3,3
415992,4,3,7,1
415985,5,1,6,4
415989,4,2,6,2
414387,0,1,1,-1
415986,7,4,11,3
415990,4,5,9,-1
415987,3,2,5,1
415988,2,3,5,-1
416003,3,4,7,-1
415993,10,4,14,6
415994,4,1,5,3
416007,1,2,3,-1
416000,2,4,6,-2
415996,6,7,13,-1
415998,2,4,6,-2
415995,3,4,7,-1
416004,1,8,9,-7
415997,4,6,10,-2
416001,4,3,7,1
415999,8,0,8,8
416019,8,7,15,1
416018,5,7,12,-2
416008,9,5,14,4
416009,10,3,13,7
416022,0,2,2,-2
416015,4,6,10,-2
416011,2,6,8,-4
416013,5,3,8,2
416010,1,3,4,-2
416012,7,6,13,1
416016,5,0,5,5
416014,0,5,5,-5
416033,4,6,10,-2
416032,0,3,3,-3
416025,5,3,8,2
416028,3,2,5,1
416030,1,3,4,-2
416024,1,4,5,-3
416031,4,2,6,2
416034,3,0,3,3
416029,1,4,5,-3
416023,3,5,8,-2
416027,6,4,10,2
416026,6,8,14,-2
416038,4,6,10,-2
416036,2,8,10,-6
416048,8,4,12,4
416047,0,4,4,-4
416035,2,1,3,1
416042,3,1,4,2
416040,1,2,3,-1
416037,6,1,7,5
416041,21,5,26,16
416046,2,6,8,-4
416045,4,2,6,2
416039,9,3,12,6
416050,11,10,21,1
416057,5,1,6,4
416054,2,3,5,-1
416063,3,4,7,-1
416053,3,1,4,2
416051,0,2,2,-2
416055,3,4,7,-1
416052,1,0,1,1
416056,6,2,8,4
416061,1,2,3,-1
416060,7,5,12,2
416068,0,4,4,-4
416069,7,3,10,4
416065,2,9,11,-7
416073,2,7,9,-5
416074,4,9,13,-5
416066,1,3,4,-2
416071,3,5,8,-2
416079,0,1,1,-1
416076,3,6,9,-3
416075,2,3,5,-1
416078,3,12,15,-9
416072,6,1,7,5
416070,6,0,6,6
416067,3,1,4,2
446877,1,4,5,-3
446911,5,3,8,2
446873,3,4,7,-1
446875,12,3,15,9
446872,2,3,5,-1
446876,2,3,5,-1
446874,2,6,8,-4
446879,4,3,7,1
446871,15,0,15,15
446878,5,3,8,2
446869,10,5,15,5
446889,9,0,9,9
446868,4,3,7,1
446870,5,3,8,2
446867,6,2,8,4
446896,2,0,2,2
446910,5,6,11,-1
446887,2,3,5,-1
446883,8,7,15,1
446886,10,2,12,8
446885,2,1,3,1
446882,6,11,17,-5
446880,6,1,7,5
446881,5,4,9,1
446884,3,0,3,3
446901,3,5,8,-2
446898,3,4,7,-1
446899,9,5,14,4
446891,4,3,7,1
446892,7,3,10,4
446888,6,7,13,-1
446900,1,5,6,-4
446895,2,4,6,-2
446893,6,16,22,-10
446897,2,3,5,-1
446902,3,1,4,2
446894,7,0,7,7
446890,1,2,3,-1
446909,6,10,16,-4
446905,6,1,7,5
446917,6,4,10,2
446906,5,8,13,-3
446907,6,12,18,-6
446908,2,4,6,-2
446904,14,6,20,8
448298,3,4,7,-1
446921,2,7,9,-5
446919,0,4,4,-4
446923,13,6,19,7
446914,7,1,8,6
446925,1,6,7,-5
446912,8,7,15,1
446922,6,5,11,1
446924,7,4,11,3
446915,4,6,10,-2
446918,3,4,7,-1
446913,2,3,5,-1
446926,7,3,10,4
446920,3,2,5,1
446916,2,3,5,-1
446927,8,4,12,4
446937,1,5,6,-4
446934,8,4,12,4
446929,3,7,10,-4
446931,3,2,5,1
446936,1,0,1,1
446939,12,2,14,10
446930,6,4,10,2
446933,0,7,7,-7
446928,4,2,6,2
446938,16,3,19,13
446941,4,1,5,3
446935,6,1,7,5
446942,0,3,3,-3
446952,1,2,3,-1
446951,5,2,7,3
446955,3,5,8,-2
446954,12,7,19,5
446947,2,4,6,-2
446945,2,3,5,-1
446948,3,4,7,-1
446956,1,3,4,-2
446946,6,9,15,-3
446943,7,3,10,4
446953,3,6,9,-3
446950,2,1,3,1
446965,7,4,11,3
446958,9,7,16,2
446966,4,3,7,1
446959,4,1,5,3
446964,1,10,11,-9
446957,4,6,10,-2
446963,10,3,13,7
446960,3,5,8,-2
446961,2,8,10,-6
446962,4,1,5,3
446967,7,3,10,4
446977,2,8,10,-6
446968,4,2,6,2
446978,0,3,3,-3
446969,1,2,3,-1
446976,3,2,5,1
446970,9,5,14,4
446971,1,5,6,-4
446974,2,1,3,1
446972,3,2,5,1
446979,7,2,9,5
446973,5,4,9,1
446980,8,0,8,8
446990,1,2,3,-1
446989,5,1,6,4
446995,2,4,6,-2
446987,7,3,10,4
446993,1,2,3,-1
446982,0,3,3,-3
446992,2,7,9,-5
446983,2,4,6,-2
446986,4,1,5,3
446985,2,9,11,-7
446988,4,2,6,2
446984,3,0,3,3
446975,6,4,10,2
446994,6,10,16,-4
446981,1,3,4,-2
447002,7,4,11,3
447005,0,3,3,-3
447001,6,0,6,6
446999,3,1,4,2
446991,0,7,7,-7
447006,6,11,17,-5
446997,2,6,8,-4
447004,2,4,6,-2
447000,1,8,9,-7
446998,3,6,9,-3
447003,6,2,8,4
446996,2,5,7,-3
447012,6,1,7,5
447021,9,1,10,8
447019,7,1,8,6
447016,8,4,12,4
447017,6,5,11,1
447020,3,5,8,-2
447010,1,0,1,1
447008,6,3,9,3
447009,11,5,16,6
447013,0,1,1,-1
447015,4,5,9,-1
447011,3,14,17,-11
447014,4,2,6,2
447018,3,7,10,-4
447007,3,2,5,1
447034,3,2,5,1
447030,4,6,10,-2
447026,9,8,17,1
447027,2,6,8,-4
447029,3,5,8,-2
447035,2,4,6,-2
447032,5,7,12,-2
447025,2,7,9,-5
447036,8,1,9,7
447031,0,5,5,-5
447028,5,3,8,2
447023,6,4,10,2
447024,4,8,12,-4
447022,3,5,8,-2
447033,4,3,7,1
447049,3,4,7,-1
447047,6,0,6,6
447040,2,3,5,-1
447038,6,5,11,1
447050,5,3,8,2
447051,2,3,5,-1
447046,3,9,12,-6
447043,4,5,9,-1
447045,2,3,5,-1
447041,3,4,7,-1
447042,2,0,2,2
447044,2,3,5,-1
447037,7,3,10,4
447048,1,3,4,-2
447057,4,3,7,1
447067,5,2,7,3
447054,5,1,6,4
447058,1,6,7,-5
447053,5,0,5,5
447055,7,0,7,7
447052,9,7,16,2
447066,6,5,11,1
447070,2,3,5,-1
447072,4,3,7,1
447082,11,1,12,10
447068,3,2,5,1
447061,3,4,7,-1
447071,3,0,3,3
447065,1,8,9,-7
447073,7,0,7,7
447062,6,8,14,-2
447063,5,7,12,-2
447064,0,5,5,-5
447060,2,1,3,1
447069,4,5,9,-1
447059,3,0,3,3
447076,5,6,11,-1
447075,3,5,8,-2
447079,1,2,3,-1
447085,2,1,3,1
447087,3,4,7,-1
447096,4,5,9,-1
447083,5,2,7,3
447086,3,7,10,-4
447080,5,3,8,2
447088,3,1,4,2
447077,3,2,5,1
447078,1,2,3,-1
447081,5,10,15,-5
447084,2,8,10,-6
447074,2,1,3,1
447099,10,7,17,3
447094,2,1,3,1
447102,1,5,6,-4
447100,12,8,20,4
447095,8,1,9,7
447093,3,2,5,1
447089,6,2,8,4
447101,2,3,5,-1
447097,7,3,10,4
447090,16,0,16,16
447091,0,4,4,-4
447092,4,7,11,-3
447098,11,1,12,10
447109,4,8,12,-4
447116,3,6,9,-3
447111,8,5,13,3
447105,8,1,9,7
447106,2,1,3,1
447110,6,3,9,3
447104,6,2,8,4
447117,0,5,5,-5
447112,5,2,7,3
447103,2,4,6,-2
447107,5,7,12,-2
447113,8,7,15,1
447114,5,2,7,3
447108,1,8,9,-7
447115,1,4,5,-3
447124,0,2,2,-2
447131,2,3,5,-1
447126,3,9,12,-6
447121,10,1,11,9
447132,3,4,7,-1
447119,3,8,11,-5
447120,5,13,18,-8
447125,8,2,10,6
447127,10,6,16,4
447118,8,3,11,5
447122,4,1,5,3
447128,1,7,8,-6
447130,11,2,13,9
447129,2,4,6,-2
447123,2,7,9,-5
447146,8,1,9,7
447141,3,6,9,-3
447135,9,0,9,9
447136,6,3,9,3
447139,5,6,11,-1
447140,3,2,5,1
447147,1,4,5,-3
447142,5,8,13,-3
447133,1,6,7,-5
447144,9,4,13,5
447138,5,4,9,1
447137,12,10,22,2
447143,12,10,22,2
447145,8,5,13,3
447134,7,5,12,2
447150,7,5,12,2
447151,3,5,8,-2
447157,3,7,10,-4
447148,0,2,2,-2
447149,1,0,1,1
447156,3,1,4,2
447152,3,4,7,-1
447158,6,1,7,5
447160,7,12,19,-5
447154,1,6,7,-5
447153,2,3,5,-1
447155,3,2,5,1
447159,4,5,9,-1
447172,4,3,7,1
447163,10,1,11,9
447164,3,4,7,-1
447171,5,1,6,4
447161,1,3,4,-2
447162,11,4,15,7
447170,1,10,11,-9
447169,3,4,7,-1
447165,5,6,11,-1
447173,9,4,13,5
447175,8,2,10,6
447167,4,9,13,-5
447166,1,11,12,-10
447168,6,3,9,3
447174,0,1,1,-1
447189,9,13,22,-4
447187,3,0,3,3
447178,4,0,4,4
447179,2,5,7,-3
447186,4,9,13,-5
447177,3,1,4,2
447176,4,9,13,-5
447185,2,3,5,-1
447180,6,5,11,1
447188,9,8,17,1
447190,11,4,15,7
447182,2,4,6,-2
447181,7,4,11,3
447183,2,0,2,2
447195,3,7,10,-4
447194,2,7,9,-5
447196,3,0,3,3
447192,2,10,12,-8
447191,5,3,8,2
447198,0,3,3,-3
447193,5,3,8,2
447199,1,6,7,-5
447201,1,4,5,-3
447202,3,4,7,-1
447200,3,6,9,-3
447211,1,13,14,-12
447212,6,1,7,5
447209,2,4,6,-2
447207,2,4,6,-2
447204,9,2,11,7
447208,6,3,9,3
447213,5,4,9,1
447203,9,0,9,9
447205,4,7,11,-3
447210,5,1,6,4
447206,0,1,1,-1
447219,4,1,5,3
447228,6,1,7,5
447220,0,2,2,-2
447226,5,6,11,-1
447227,3,4,7,-1
447216,1,5,6,-4
447217,3,4,7,-1
447215,8,7,15,1
447224,0,8,8,-8
447223,7,5,12,2
447222,2,7,9,-5
447218,5,2,7,3
447225,5,2,7,3
447221,0,6,6,-6
447241,6,1,7,5
447242,5,1,6,4
447231,6,5,11,1
447230,7,1,8,6
447234,6,5,11,1
447238,5,14,19,-9
447243,6,1,7,5
447229,4,3,7,1
447232,1,2,3,-1
447237,9,6,15,3
447235,2,1,3,1
447233,6,3,9,3
447240,0,1,1,-1
447236,4,1,5,3
447239,7,8,15,-1
447245,7,2,9,5
447252,2,1,3,1
447250,9,6,15,3
447244,1,4,5,-3
447247,5,8,13,-3
447248,6,2,8,4
447253,2,0,2,2
447249,3,10,13,-7
447251,4,3,7,1
447246,1,2,3,-1
447259,3,7,10,-4
447257,7,1,8,6
447263,1,4,5,-3
447267,1,3,4,-2
447265,3,1,4,2
447261,10,5,15,5
447255,3,0,3,3
447254,4,7,11,-3
447262,4,6,10,-2
447256,1,4,5,-3
447260,4,5,9,-1
447268,6,7,13,-1
447264,1,0,1,1
447266,8,2,10,6
447258,3,6,9,-3
447272,6,2,8,4
447280,4,7,11,-3
447270,0,8,8,-8
447275,7,3,10,4
447283,13,2,15,11
447281,9,8,17,1
447273,2,0,2,2
447274,0,4,4,-4
447278,7,0,7,7
447282,3,4,7,-1
447276,5,8,13,-3
447269,3,4,7,-1
447277,4,16,20,-12
447271,5,2,7,3
447279,4,5,9,-1
447291,0,4,4,-4
447287,4,9,13,-5
447290,0,1,1,-1
447293,2,12,14,-10
447284,0,4,4,-4
447288,5,9,14,-4
447294,2,5,7,-3
447292,6,3,9,3
447285,7,3,10,4
447289,3,5,8,-2
447286,17,7,24,10
447309,6,8,14,-2
447296,2,3,5,-1
447299,2,5,7,-3
447298,1,7,8,-6
447308,5,1,6,4
447304,4,6,10,-2
447300,1,5,6,-4
447295,7,2,9,5
447306,3,6,9,-3
447301,4,10,14,-6
447305,4,2,6,2
447307,5,2,7,3
447297,4,6,10,-2
447302,0,2,2,-2
447311,2,8,10,-6
447314,6,2,8,4
447323,10,5,15,5
447320,4,6,10,-2
447324,5,8,13,-3
447312,1,2,3,-1
447313,7,0,7,7
447321,3,2,5,1
447310,4,2,6,2
447316,2,7,9,-5
447319,4,3,7,1
447315,13,7,20,6
447317,6,3,9,3
447322,4,2,6,2
447329,4,2,6,2
447328,4,5,9,-1
447338,8,3,11,5
447334,6,5,11,1
447330,5,4,9,1
447333,3,11,14,-8
447325,5,3,8,2
447336,1,5,6,-4
447331,1,3,4,-2
447335,10,5,15,5
447339,3,4,7,-1
447337,3,1,4,2
447327,2,0,2,2
447332,4,3,7,1
447326,5,1,6,4
447344,4,5,9,-1
447345,3,6,9,-3
447348,7,14,21,-7
447349,2,3,5,-1
447346,1,4,5,-3
447342,8,4,12,4
447343,1,7,8,-6
447340,10,5,15,5
447347,4,2,6,2
447351,2,5,7,-3
447352,3,1,4,2
447357,5,4,9,1
447358,7,10,17,-3
447361,5,13,18,-8
447362,3,2,5,1
447359,10,2,12,8
447364,7,8,15,-1
447355,11,13,24,-2
447356,4,0,4,4
447354,5,3,8,2
447353,5,1,6,4
447365,8,1,9,7
447360,2,3,5,-1
447366,4,6,10,-2
447367,4,0,4,4
447369,9,2,11,7
447370,5,6,11,-1
447371,3,5,8,-2
447368,7,8,15,-1
447381,5,6,11,-1
447382,4,5,9,-1
447372,2,3,5,-1
447373,7,3,10,4
447376,3,13,16,-10
447378,5,4,9,1
447377,1,5,6,-4
447374,2,3,5,-1
447380,5,2,7,3
447375,4,3,7,1
447383,5,7,12,-2
447385,3,7,10,-4
447384,1,11,12,-10
447387,7,4,11,3
447388,3,0,3,3
447389,4,2,6,2
447390,12,10,22,2
447386,0,5,5,-5
447401,4,9,13,-5
447394,0,1,1,-1
447393,2,3,5,-1
447397,3,5,8,-2
447392,7,1,8,6
447395,7,6,13,1
447400,6,3,9,3
447398,6,7,13,-1
447405,5,0,5,5
447402,0,1,1,-1
447391,1,5,6,-4
447399,2,5,7,-3
447403,3,1,4,2
447396,7,6,13,1
447404,4,8,12,-4
447410,5,6,11,-1
447407,1,2,3,-1
447416,2,8,10,-6
447413,6,3,9,3
447415,0,6,6,-6
447409,3,9,12,-6
447408,3,4,7,-1
447417,8,7,15,1
447406,5,0,5,5
447420,5,6,11,-1
447414,4,7,11,-3
447418,5,3,8,2
447411,9,7,16,2
447419,3,5,8,-2
447422,5,7,12,-2
447430,7,6,13,1
447428,5,1,6,4
447424,6,5,11,1
447425,9,10,19,-1
447423,9,4,13,5
447427,5,1,6,4
447432,2,3,5,-1
447421,2,4,6,-2
447431,2,1,3,1
447435,6,7,13,-1
447429,3,4,7,-1
447426,3,0,3,3
447433,2,1,3,1
447434,5,2,7,3
447438,6,15,21,-9
447436,5,8,13,-3
447451,5,3,8,2
447442,13,2,15,11
447440,8,10,18,-2
447441,2,12,14,-10
447443,1,3,4,-2
447439,7,6,13,1
447447,1,13,14,-12
447455,10,0,10,10
447444,9,12,21,-3
447466,1,3,4,-2
447456,12,2,14,10
447458,0,2,2,-2
447452,2,7,9,-5
447449,6,5,11,1
447446,2,4,6,-2
447445,4,8,12,-4
447448,3,1,4,2
447453,3,5,8,-2
447457,5,8,13,-3
447450,1,5,6,-4
447454,5,1,6,4
447480,2,4,6,-2
447467,3,6,9,-3
447472,1,8,9,-7
447470,2,5,7,-3
447459,3,1,4,2
447471,6,3,9,3
447462,8,7,15,1
447473,7,1,8,6
447464,5,3,8,2
447461,2,1,3,1
447463,0,2,2,-2
447468,4,2,6,2
447465,1,8,9,-7
447469,2,1,3,1
447483,7,2,9,5
447475,3,5,8,-2
447474,2,8,10,-6
447476,7,2,9,5
447485,9,1,10,8
447477,7,13,20,-6
447484,3,2,5,1
447478,1,2,3,-1
447482,3,1,4,2
447479,4,7,11,-3
447481,4,1,5,3
447491,1,2,3,-1
447487,7,1,8,6
447490,4,2,6,2
447496,8,3,11,5
447497,7,5,12,2
447500,4,1,5,3
447494,2,3,5,-1
447498,2,1,3,1
447499,9,3,12,6
447492,4,1,5,3
447486,11,7,18,4
447495,8,3,11,5
447488,9,4,13,5
447489,8,1,9,7
447493,6,7,13,-1
447514,3,5,8,-2
447507,2,1,3,1
447502,2,0,2,2
447505,1,9,10,-8
447506,5,1,6,4
447501,2,6,8,-4
447510,5,1,6,4
447511,4,0,4,4
447512,4,5,9,-1
447509,4,5,9,-1
447504,3,5,8,-2
447513,2,1,3,1
447515,2,3,5,-1
447503,3,1,4,2
447508,2,3,5,-1
447526,5,4,9,1
447527,4,9,13,-5
447530,8,2,10,6
447524,1,3,4,-2
447520,2,5,7,-3
447517,0,5,5,-5
447528,9,2,11,7
447529,3,1,4,2
447522,2,3,5,-1
447516,7,2,9,5
447518,2,10,12,-8
447525,5,4,9,1
447523,9,5,14,4
447519,0,1,1,-1
447521,3,6,9,-3
447535,7,1,8,6
447537,4,5,9,-1
447539,6,7,13,-1
447547,2,0,2,2
447534,10,4,14,6
447531,3,4,7,-1
447532,0,1,1,-1
447536,5,0,5,5
447538,0,1,1,-1
447553,4,3,7,1
447549,4,7,11,-3
447540,1,12,13,-11
447554,0,6,6,-6
447545,3,8,11,-5
447542,12,3,15,9
447551,1,3,4,-2
447548,2,1,3,1
447562,1,4,5,-3
447541,2,3,5,-1
447546,7,4,11,3
447544,6,2,8,4
447543,2,8,10,-6
447550,5,6,11,-1
447552,2,8,10,-6
447565,2,0,2,2
447561,5,7,12,-2
447567,8,5,13,3
447557,9,8,17,1
447574,9,15,24,-6
447559,4,3,7,1
447568,3,4,7,-1
447555,4,5,9,-1
447569,8,4,12,4
447560,3,10,13,-7
447563,4,3,7,1
447564,3,2,5,1
447556,3,4,7,-1
447558,1,3,4,-2
447566,3,13,16,-10
447570,3,8,11,-5
447575,9,1,10,8
447578,3,1,4,2
447577,1,2,3,-1
447573,8,2,10,6
447576,6,2,8,4
447571,2,4,6,-2
447589,2,6,8,-4
447593,6,2,8,4
447580,5,7,12,-2
447579,6,4,10,2
447585,5,6,11,-1
447588,4,1,5,3
447586,2,4,6,-2
447590,9,1,10,8
447582,5,9,14,-4
447581,5,7,12,-2
447592,2,5,7,-3
447591,10,3,13,7
447584,2,7,9,-5
447583,4,1,5,3
447587,7,2,9,5
447595,9,10,19,-1
447596,7,8,15,-1
447604,1,4,5,-3
447598,3,12,15,-9
447594,4,11,15,-7
447607,10,5,15,5
447601,2,7,9,-5
447603,5,9,14,-4
447597,7,6,13,1
447600,9,1,10,8
447608,9,4,13,5
447605,2,5,7,-3
447599,4,2,6,2
447606,7,8,15,-1
447602,6,5,11,1
447610,5,3,8,2
447609,6,4,10,2
447618,2,1,3,1
447623,2,10,12,-8
447612,4,5,9,-1
447611,4,5,9,-1
447619,2,7,9,-5
447620,2,6,8,-4
447614,8,6,14,2
447613,2,4,6,-2
447621,3,6,9,-3
447622,8,3,11,5
447617,5,4,9,1
447616,7,3,10,4
447615,4,2,6,2
447634,3,5,8,-2
447625,0,1,1,-1
447624,7,2,9,5
447635,6,0,6,6
447630,2,3,5,-1
447626,11,8,19,3
447628,8,3,11,5
447633,3,9,12,-6
447629,0,2,2,-2
447637,9,2,11,7
447638,4,3,7,1
447631,2,4,6,-2
447632,10,0,10,10
447636,2,6,8,-4
447627,1,5,6,-4
447643,8,5,13,3
447648,4,16,20,-12
447652,7,3,10,4
447639,6,2,8,4
447653,5,1,6,4
447646,1,4,5,-3
447649,4,0,4,4
447640,6,4,10,2
447647,1,3,4,-2
447644,5,0,5,5
447650,10,3,13,7
447651,5,10,15,-5
447641,4,17,21,-13
447642,9,11,20,-2
447645,4,7,11,-3
447656,2,1,3,1
447665,1,3,4,-2
447660,1,5,6,-4
447667,4,5,9,-1
447655,9,13,22,-4
447658,3,0,3,3
447668,7,2,9,5
447661,0,7,7,-7
447663,4,5,9,-1
447662,2,3,5,-1
447659,1,2,3,-1
447654,4,5,9,-1
447666,3,6,9,-3
447657,7,2,9,5
447664,6,14,20,-8
447676,6,0,6,6
447669,3,0,3,3
447673,2,7,9,-5
447670,7,12,19,-5
447674,4,1,5,3
447672,4,5,9,-1
447675,3,4,7,-1
446949,5,4,9,1
447678,4,6,10,-2
447671,11,4,15,7
447677,16,13,29,3
447679,0,6,6,-6
447684,9,2,11,7
447687,5,6,11,-1
447685,3,6,9,-3
447683,1,6,7,-5
447693,2,7,9,-5
447692,5,2,7,3
447681,3,10,13,-7
447686,6,2,8,4
447690,3,7,10,-4
447688,2,12,14,-10
447691,4,2,6,2
447689,5,1,6,4
447680,2,4,6,-2
447682,0,4,4,-4
447694,3,5,8,-2
447700,6,3,9,3
447699,7,8,15,-1
447707,4,6,10,-2
447708,3,6,9,-3
447703,5,6,11,-1
447706,7,4,11,3
447696,4,7,11,-3
447701,6,4,10,2
447698,1,7,8,-6
447704,4,7,11,-3
447702,8,6,14,2
447705,4,10,14,-6
447697,3,4,7,-1
447695,0,4,4,-4
447713,0,7,7,-7
447723,10,9,19,1
447711,2,5,7,-3
447716,0,1,1,-1
447714,5,4,9,1
447722,5,4,9,1
447717,1,3,4,-2
447715,1,8,9,-7
447718,2,5,7,-3
447721,7,5,12,2
447709,3,2,5,1
447720,2,3,5,-1
447710,6,12,18,-6
447719,3,6,9,-3
447712,10,3,13,7
447729,1,4,5,-3
447725,6,4,10,2
447730,2,5,7,-3
447733,0,11,11,-11
447728,5,6,11,-1
447732,6,4,10,2
447727,6,1,7,5
447726,3,1,4,2
447724,2,7,9,-5
447740,1,9,10,-8
447736,2,3,5,-1
447741,3,6,9,-3
447745,6,7,13,-1
447747,2,3,5,-1
447739,3,4,7,-1
447748,10,5,15,5
447742,4,6,10,-2
447744,4,5,9,-1
447746,0,5,5,-5
447738,3,4,7,-1
447737,1,7,8,-6
447734,3,4,7,-1
447735,5,3,8,2
447751,8,1,9,7
447762,7,2,9,5
447761,6,3,9,3
447749,4,2,6,2
447755,0,4,4,-4
447758,6,5,11,1
447756,6,12,18,-6
447760,12,7,19,5
447754,3,1,4,2
447763,11,4,15,7
447757,5,7,12,-2
447759,0,4,4,-4
447753,1,0,1,1
447752,0,5,5,-5
447750,1,2,3,-1
447766,3,5,8,-2
447197,5,11,16,-6
447767,3,6,9,-3
447764,6,5,11,1
447770,3,2,5,1
447771,1,3,4,-2
447768,10,3,13,7
447769,5,2,7,3
447765,5,3,8,2
447785,9,3,12,6
447783,6,9,15,-3
447776,0,4,4,-4
447772,3,4,7,-1
447782,1,2,3,-1
447777,3,4,7,-1
447774,1,5,6,-4
447773,8,1,9,7
447778,5,7,12,-2
447781,2,1,3,1
447784,7,5,12,2
447780,8,6,14,2
447775,6,2,8,4
447786,5,7,12,-2
447779,3,2,5,1
447798,0,8,8,-8
447787,6,11,17,-5
447788,15,4,19,11
447793,4,1,5,3
447797,1,2,3,-1
447799,3,5,8,-2
447792,4,3,7,1
447789,8,2,10,6
447796,4,7,11,-3
447794,4,5,9,-1
447800,5,1,6,4
447791,6,1,7,5
447790,3,4,7,-1
447801,2,1,3,1
447795,3,5,8,-2
447802,9,10,19,-1
447812,6,1,7,5
447807,0,5,5,-5
447804,13,2,15,11
447806,4,1,5,3
447803,4,7,11,-3
447808,3,1,4,2
447811,3,5,8,-2
447805,8,3,11,5
447813,4,5,9,-1
447814,1,2,3,-1
447816,6,4,10,2
447810,0,6,6,-6
447815,8,3,11,5
447809,1,2,3,-1
447817,1,4,5,-3
447825,7,0,7,7
447818,9,8,17,1
447820,9,10,19,-1
447819,1,2,3,-1
447821,2,3,5,-1
447826,5,14,19,-9
447824,9,4,13,5
447822,13,4,17,9
447823,5,11,16,-6
447838,3,11,14,-8
447828,4,3,7,1
447827,3,2,5,1
447839,4,0,4,4
447840,7,8,15,-1
447829,3,1,4,2
447831,11,8,19,3
447830,2,3,5,-1
447832,5,2,7,3
447837,10,13,23,-3
447833,7,4,11,3
447841,10,6,16,4
447836,4,5,9,-1
447834,5,2,7,3
447835,2,3,5,-1
447852,3,6,9,-3
447848,3,2,5,1
447849,3,6,9,-3
447850,1,10,11,-9
447843,4,5,9,-1
447856,7,2,9,5
447842,4,6,10,-2
447853,2,11,13,-9
447854,2,3,5,-1
447844,8,9,17,-1
447847,4,1,5,3
447846,3,5,8,-2
447845,4,9,13,-5
447855,7,5,12,2
447851,2,10,12,-8
447858,2,7,9,-5
447863,6,4,10,2
447864,5,1,6,4
447865,13,2,15,11
447857,5,1,6,4
447862,4,6,10,-2
447861,4,1,5,3
447859,10,4,14,6
447866,8,5,13,3
447860,8,6,14,2
447876,0,6,6,-6
447880,13,3,16,10
447867,10,2,12,8
447878,8,4,12,4
447877,5,1,6,4
447868,5,1,6,4
447869,2,3,5,-1
447871,1,5,6,-4
447870,4,2,6,2
447875,8,2,10,6
447872,3,10,13,-7
447879,1,0,1,1
447873,2,3,5,-1
447874,2,3,5,-1
447881,7,5,12,2
447890,7,6,13,1
447882,4,1,5,3
447888,7,1,8,6
447893,2,6,8,-4
447895,2,4,6,-2
447885,4,5,9,-1
447892,6,4,10,2
447886,6,9,15,-3
447894,4,3,7,1
447884,2,13,15,-11
447887,5,16,21,-11
447891,3,4,7,-1
447883,4,3,7,1
447896,3,7,10,-4
447889,6,10,16,-4
447907,5,1,6,4
447898,6,0,6,6
447899,2,3,5,-1
447901,0,3,3,-3
447908,1,2,3,-1
447910,6,11,17,-5
447897,5,1,6,4
447900,0,6,6,-6
447905,4,7,11,-3
447902,1,2,3,-1
447909,5,4,9,1
447903,2,0,2,2
447904,1,2,3,-1
447911,3,6,9,-3
447906,5,10,15,-5
447912,3,1,4,2
447916,0,1,1,-1
447917,7,8,15,-1
447919,4,7,11,-3
447913,3,1,4,2
447914,5,3,8,2
447918,3,2,5,1
447039,3,4,7,-1
447915,7,10,17,-3
447920,1,4,5,-3
447930,10,7,17,3
447931,15,4,19,11
447925,8,4,12,4
447921,4,2,6,2
447926,1,2,3,-1
447932,2,4,6,-2
447934,0,6,6,-6
447923,3,1,4,2
447922,3,2,5,1
447933,4,3,7,1
447924,8,2,10,6
447927,2,3,5,-1
447929,10,14,24,-4
447928,3,5,8,-2
447935,2,3,5,-1
447937,0,3,3,-3
447940,8,9,17,-1
447941,3,4,7,-1
447942,2,3,5,-1
447948,7,2,9,5
447943,4,2,6,2
447936,2,5,7,-3
447945,2,7,9,-5
447946,7,6,13,1
447947,1,5,6,-4
447949,1,6,7,-5
447938,8,6,14,2
447939,4,6,10,-2
447944,5,6,11,-1
447950,3,4,7,-1
447958,5,3,8,2
447959,4,5,9,-1
447956,7,3,10,4
447953,7,8,15,-1
447957,7,4,11,3
447954,3,4,7,-1
447952,2,4,6,-2
447951,7,6,13,1
447955,5,4,9,1
447965,6,8,14,-2
447972,3,6,9,-3
447966,3,5,8,-2
447963,7,5,12,2
447970,13,4,17,9
447962,5,4,9,1
447967,8,6,14,2
447961,8,7,15,1
447973,2,3,5,-1
447974,3,5,8,-2
447964,13,4,17,9
447960,10,9,19,1
447968,7,4,11,3
447971,3,4,7,-1
447969,4,5,9,-1
447981,1,2,3,-1
447988,10,8,18,2
447975,6,11,17,-5
447978,6,0,6,6
447985,3,0,3,3
447977,6,9,15,-3
447989,5,6,11,-1
447979,13,5,18,8
447980,1,6,7,-5
447982,1,0,1,1
447976,3,10,13,-7
447983,7,3,10,4
447984,3,2,5,1
447986,4,5,9,-1
447996,7,1,8,6
447993,9,3,12,6
448000,0,3,3,-3
447992,1,6,7,-5
448002,5,12,17,-7
447997,2,5,7,-3
448003,2,5,7,-3
448004,3,2,5,1
447994,1,6,7,-5
447991,2,6,8,-4
447998,6,7,13,-1
447999,7,8,15,-1
447990,7,9,16,-2
448001,11,6,17,5
447995,3,4,7,-1
448009,5,4,9,1
448010,4,11,15,-7
448014,9,6,15,3
448006,11,8,19,3
448005,7,13,20,-6
448007,8,3,11,5
448013,2,6,8,-4
448015,5,9,14,-4
448012,8,0,8,8
448008,4,2,6,2
448011,8,3,11,5
448024,0,5,5,-5
448029,7,1,8,6
448018,7,2,9,5
448017,8,2,10,6
448019,5,3,8,2
448022,5,7,12,-2
448023,4,0,4,4
448021,6,5,11,1
448028,8,4,12,4
448030,14,9,23,5
448026,4,3,7,1
448020,7,1,8,6
448016,11,7,18,4
448027,2,5,7,-3
448025,13,11,24,2
448032,0,4,4,-4
448033,9,2,11,7
448038,3,10,13,-7
448045,5,3,8,2
448035,10,4,14,6
448031,12,6,18,6
448041,9,8,17,1
448040,2,4,6,-2
448044,7,9,16,-2
448034,3,0,3,3
448039,6,9,15,-3
448037,0,7,7,-7
448036,3,2,5,1
448043,1,7,8,-6
448042,8,1,9,7
448056,1,2,3,-1
448054,5,6,11,-1
448052,8,1,9,7
448048,4,13,17,-9
448049,4,1,5,3
448047,3,4,7,-1
448050,10,7,17,3
448053,5,8,13,-3
448051,4,2,6,2
448055,12,6,18,6
448046,3,5,8,-2
448061,2,1,3,1
448060,2,3,5,-1
448064,3,4,7,-1
448065,4,5,9,-1
448058,2,10,12,-8
448063,10,2,12,8
448066,7,5,12,2
448071,3,2,5,1
448059,0,5,5,-5
448067,1,7,8,-6
448070,6,4,10,2
448069,7,3,10,4
448062,0,5,5,-5
448057,2,5,7,-3
448068,6,7,13,-1
448076,6,9,15,-3
448086,5,17,22,-12
448082,0,3,3,-3
448078,3,2,5,1
448074,7,6,13,1
448081,1,9,10,-8
448079,6,2,8,4
448080,21,2,23,19
448075,9,4,13,5
448073,3,4,7,-1
448084,4,2,6,2
448077,1,6,7,-5
448072,6,12,18,-6
448085,5,6,11,-1
448083,1,2,3,-1
448091,1,17,18,-16
448088,3,14,17,-11
448093,5,1,6,4
448095,5,10,15,-5
448090,1,12,13,-11
448094,2,7,9,-5
448101,4,5,9,-1
448089,4,1,5,3
448097,8,9,17,-1
448099,6,3,9,3
448092,1,4,5,-3
448087,4,9,13,-5
448100,5,4,9,1
448098,6,3,9,3
448096,5,2,7,3
448110,1,0,1,1
448108,2,4,6,-2
448116,5,12,17,-7
448115,1,2,3,-1
448112,3,1,4,2
448111,2,8,10,-6
448113,4,2,6,2
448104,4,10,14,-6
448105,1,3,4,-2
448102,2,8,10,-6
448109,6,8,14,-2
448107,2,6,8,-4
448106,3,5,8,-2
448103,5,7,12,-2
448114,8,4,12,4
448119,9,5,14,4
448117,1,5,6,-4
448125,5,2,7,3
448122,3,8,11,-5
448121,1,12,13,-11
448123,13,5,18,8
448131,7,2,9,5
448124,5,2,7,3
448128,5,2,7,3
448130,2,5,7,-3
448127,4,11,15,-7
448126,9,0,9,9
448129,5,7,12,-2
448118,4,1,5,3
448120,7,3,10,4
448136,12,2,14,10
448132,3,4,7,-1
448142,0,4,4,-4
448139,2,4,6,-2
448134,5,3,8,2
448133,6,4,10,2
448140,4,7,11,-3
448137,2,4,6,-2
448138,7,2,9,5
448146,6,11,17,-5
448145,8,9,17,-1
448141,0,5,5,-5
448143,7,5,12,2
448144,13,6,19,7
448135,1,5,6,-4
448148,5,1,6,4
448153,1,5,6,-4
448147,4,5,9,-1
448156,7,9,16,-2
448150,5,4,9,1
448149,10,1,11,9
447214,4,3,7,1
448151,3,1,4,2
448155,3,4,7,-1
448152,2,11,13,-9
448154,6,0,6,6
448162,9,5,14,4
448159,4,8,12,-4
448161,0,6,6,-6
448171,3,1,4,2
448170,5,6,11,-1
448160,1,3,4,-2
448164,2,10,12,-8
448163,5,6,11,-1
448165,9,10,19,-1
448166,5,3,8,2
448158,11,8,19,3
448169,3,4,7,-1
448168,3,2,5,1
448167,6,10,16,-4
448157,2,6,8,-4
448176,3,2,5,1
448173,4,5,9,-1
448184,8,1,9,7
448177,2,3,5,-1
448172,2,4,6,-2
448185,1,4,5,-3
448180,3,2,5,1
448175,2,4,6,-2
448179,7,6,13,1
448183,3,5,8,-2
448186,6,1,7,5
448174,6,12,18,-6
448182,3,4,7,-1
448181,3,8,11,-5
448178,8,6,14,2
448191,1,6,7,-5
448201,3,2,5,1
448190,3,7,10,-4
448194,11,7,18,4
448192,2,4,6,-2
448189,6,5,11,1
448200,0,4,4,-4
448195,1,2,3,-1
448188,2,0,2,2
448199,5,1,6,4
448198,8,5,13,3
448193,15,5,20,10
448197,1,3,4,-2
448196,10,3,13,7
448187,0,4,4,-4
448216,0,6,6,-6
448214,1,5,6,-4
448213,5,3,8,2
448204,5,3,8,2
448209,2,4,6,-2
448203,4,3,7,1
448212,4,5,9,-1
448207,11,2,13,9
448206,5,2,7,3
448211,7,6,13,1
448210,13,7,20,6
448217,7,8,15,-1
448205,0,7,7,-7
448208,7,3,10,4
448215,1,4,5,-3
448231,1,3,4,-2
448232,4,5,9,-1
448219,5,2,7,3
448223,0,1,1,-1
448218,2,1,3,1
448229,0,6,6,-6
448228,2,4,6,-2
448224,8,4,12,4
448221,4,5,9,-1
448222,4,3,7,1
448227,9,1,10,8
448226,0,5,5,-5
448225,1,2,3,-1
448230,6,7,13,-1
448220,0,1,1,-1
448239,2,4,6,-2
448233,2,5,7,-3
448242,0,1,1,-1
448244,2,1,3,1
448243,5,0,5,5
448237,0,1,1,-1
448236,6,1,7,5
448241,6,3,9,3
448246,4,1,5,3
448235,1,8,9,-7
448247,5,3,8,2
448240,5,6,11,-1
448238,8,1,9,7
448245,3,5,8,-2
448234,1,3,4,-2
448255,1,5,6,-4
448253,3,2,5,1
448249,1,2,3,-1
448254,0,1,1,-1
448248,2,8,10,-6
448251,3,7,10,-4
448256,2,10,12,-8
448257,4,7,11,-3
448252,4,7,11,-3
448258,5,9,14,-4
448250,3,4,7,-1
448264,8,4,12,4
448268,2,1,3,1
448265,2,1,3,1
448260,1,7,8,-6
448266,2,3,5,-1
448270,0,4,4,-4
448267,6,2,8,4
448259,5,4,9,1
448262,7,3,10,4
448271,10,1,11,9
448273,5,1,6,4
448263,3,4,7,-1
448272,6,8,14,-2
448261,6,1,7,5
448274,3,6,9,-3
448282,4,1,5,3
448277,11,4,15,7
448283,2,6,8,-4
448286,11,3,14,8
448278,7,0,7,7
448288,10,4,14,6
448276,5,6,11,-1
448279,1,8,9,-7
448280,1,4,5,-3
448275,0,5,5,-5
448281,9,5,14,4
448285,7,11,18,-4
448287,4,7,11,-3
448292,6,3,9,3
448290,4,1,5,3
448293,9,3,12,6
448294,3,5,8,-2
448295,2,13,15,-11
448296,5,6,11,-1
448289,3,7,10,-4
448297,7,3,10,4
448302,1,5,6,-4
448309,5,3,8,2
448308,4,0,4,4
448310,2,3,5,-1
448311,2,1,3,1
448299,2,6,8,-4
448306,2,1,3,1
448307,5,3,8,2
448304,1,2,3,-1
448303,7,5,12,2
448301,5,2,7,3
448305,3,4,7,-1
448313,1,3,4,-2
448300,3,4,7,-1
448312,0,1,1,-1
448326,14,5,19,9
448323,4,7,11,-3
448325,2,1,3,1
448317,2,5,7,-3
448324,2,3,5,-1
448314,1,6,7,-5
448319,2,7,9,-5
448321,11,9,20,2
448322,2,7,9,-5
448316,1,6,7,-5
448320,7,2,9,5
448328,7,4,11,3
448315,4,8,12,-4
448327,3,4,7,-1
448340,2,5,7,-3
448341,0,2,2,-2
448329,9,8,17,1
448337,3,0,3,3
448332,3,5,8,-2
448339,10,6,16,4
448336,7,8,15,-1
448338,4,5,9,-1
448334,3,13,16,-10
448333,4,5,9,-1
448331,6,5,11,1
448343,2,1,3,1
448342,2,3,5,-1
448330,2,7,9,-5
448335,9,6,15,3
448347,2,3,5,-1
448353,2,4,6,-2
448348,4,2,6,2
448352,4,0,4,4
448344,2,7,9,-5
448351,6,7,13,-1
448345,4,5,9,-1
448350,2,1,3,1
448349,6,2,8,4
448346,7,5,12,2
448359,6,3,9,3
448366,7,4,11,3
448365,6,7,13,-1
448360,9,8,17,1
448369,6,7,13,-1
448357,0,3,3,-3
448364,0,5,5,-5
448363,6,3,9,3
448356,2,0,2,2
448362,6,3,9,3
448355,4,9,13,-5
448361,13,0,13,13
448368,2,3,5,-1
448358,7,9,16,-2
448384,4,1,5,3
448379,1,11,12,-10
448380,8,4,12,4
448375,4,3,7,1
448383,3,1,4,2
448373,2,1,3,1
448374,3,1,4,2
448381,1,10,11,-9
448382,5,4,9,1
448378,6,4,10,2
448372,1,8,9,-7
448371,9,7,16,2
448377,1,4,5,-3
448370,8,1,9,7
448376,5,7,12,-2
448388,2,1,3,1
448385,4,6,10,-2
447341,2,6,8,-4
448390,7,5,12,2
448391,5,4,9,1
448389,2,3,5,-1
448387,1,3,4,-2
448386,1,2,3,-1
448392,4,2,6,2
448405,1,12,13,-11
448394,5,6,11,-1
448399,6,14,20,-8
448398,6,1,7,5
448402,3,5,8,-2
448406,11,6,17,5
448401,1,5,6,-4
448403,1,2,3,-1
448400,3,8,11,-5
448396,1,2,3,-1
448404,1,3,4,-2
448395,6,2,8,4
448393,7,9,16,-2
448407,4,1,5,3
448397,6,0,6,6
448409,1,9,10,-8
448420,4,1,5,3
448422,3,5,8,-2
448416,3,6,9,-3
448414,2,3,5,-1
448413,7,2,9,5
448417,3,6,9,-3
448418,9,5,14,4
448411,6,5,11,1
448421,0,11,11,-11
448419,3,5,8,-2
448415,1,2,3,-1
448412,1,2,3,-1
448410,2,5,7,-3
448408,4,2,6,2
448424,6,2,8,4
448429,0,11,11,-11
448428,4,6,10,-2
448432,0,8,8,-8
448436,4,5,9,-1
448431,3,5,8,-2
448433,1,2,3,-1
448426,4,6,10,-2
448434,2,4,6,-2
448430,3,5,8,-2
448425,5,3,8,2
448437,1,3,4,-2
448423,3,14,17,-11
448427,3,2,5,1
448435,6,7,13,-1
448439,3,0,3,3
448442,12,5,17,7
448443,6,5,11,1
448440,0,5,5,-5
448444,1,2,3,-1
448445,14,1,15,13
448438,2,1,3,1
448441,3,7,10,-4
448458,1,5,6,-4
448456,8,13,21,-5
448457,5,7,12,-2
448448,3,2,5,1
448452,10,6,16,4
448455,5,3,8,2
448447,5,11,16,-6
448453,1,7,8,-6
448450,2,3,5,-1
448459,2,1,3,1
448449,3,7,10,-4
448460,10,4,14,6
448454,4,5,9,-1
448446,4,5,9,-1
448451,3,2,5,1
448465,4,5,9,-1
448475,8,3,11,5
448466,3,12,15,-9
448473,2,3,5,-1
448471,4,5,9,-1
448468,5,9,14,-4
448472,5,4,9,1
448463,0,12,12,-12
448467,13,5,18,8
448470,4,8,12,-4
448462,1,2,3,-1
448474,3,1,4,2
448464,2,12,14,-10
448469,6,8,14,-2
448461,1,3,4,-2
448478,2,3,5,-1
448480,2,9,11,-7
448485,0,7,7,-7
448484,3,2,5,1
448477,6,3,9,3
448482,8,6,14,2
448486,5,3,8,2
448481,4,1,5,3
448483,2,5,7,-3
448487,4,1,5,3
448479,4,2,6,2
448476,3,2,5,1
448492,2,3,5,-1
448500,1,5,6,-4
448493,7,13,20,-6
448498,3,4,7,-1
448497,6,2,8,4
448501,0,5,5,-5
448489,7,5,12,2
448502,4,3,7,1
448488,0,1,1,-1
448495,5,3,8,2
448496,2,3,5,-1
448491,7,2,9,5
448490,9,0,9,9
448494,4,6,10,-2
448499,5,4,9,1
448508,5,2,7,3
448505,0,3,3,-3
448506,4,0,4,4
448512,3,7,10,-4
448507,3,5,8,-2
448515,7,1,8,6
448513,5,6,11,-1
448516,3,2,5,1
448504,2,4,6,-2
448517,2,4,6,-2
448503,13,5,18,8
448510,6,12,18,-6
448511,15,6,21,9
448514,7,9,16,-2
448509,6,8,14,-2
448523,2,3,5,-1
448528,3,1,4,2
448527,6,3,9,3
448522,7,3,10,4
448530,0,1,1,-1
448531,5,3,8,2
448519,10,2,12,8
448532,1,7,8,-6
448518,6,3,9,3
448521,3,1,4,2
448524,1,3,4,-2
448525,10,7,17,3
448526,3,9,12,-6
448529,6,5,11,1
448520,5,8,13,-3
448539,5,7,12,-2
448553,8,7,15,1
448533,4,3,7,1
448537,1,3,4,-2
448535,4,5,9,-1
448540,4,3,7,1
448534,2,3,5,-1
448536,0,3,3,-3
448538,4,9,13,-5
448555,7,5,12,2
448546,3,1,4,2
448552,4,6,10,-2
448554,9,2,11,7
448541,5,3,8,2
448569,0,2,2,-2
448550,3,5,8,-2
448549,1,5,6,-4
448548,7,5,12,2
448542,2,1,3,1
448545,7,4,11,3
448544,7,5,12,2
448543,1,2,3,-1
448547,5,6,11,-1
448551,3,9,12,-6
448580,1,0,1,1
448567,6,2,8,4
448561,4,7,11,-3
448568,4,0,4,4
448570,0,7,7,-7
448556,3,2,5,1
448566,9,4,13,5
448560,2,3,5,-1
448565,1,3,4,-2
448562,4,5,9,-1
448557,3,4,7,-1
448559,2,3,5,-1
448558,0,1,1,-1
448563,1,3,4,-2
448571,9,0,9,9
448579,0,4,4,-4
448575,12,9,21,3
448572,3,11,14,-8
448573,9,6,15,3
448577,4,14,18,-10
448578,4,2,6,2
448581,3,4,7,-1
448574,1,2,3,-1
448595,2,13,15,-11
448587,6,10,16,-4
448583,8,5,13,3
448596,3,6,9,-3
448589,5,3,8,2
448582,4,9,13,-5
448591,3,13,16,-10
448593,8,6,14,2
448585,4,2,6,2
448588,5,8,13,-3
448590,7,3,10,4
448586,7,4,11,3
448594,3,6,9,-3
448592,5,1,6,4
448584,5,2,7,3
448611,4,8,12,-4
448604,2,4,6,-2
448610,8,4,12,4
448607,4,8,12,-4
448602,3,6,9,-3
448598,6,7,13,-1
448597,3,6,9,-3
448606,1,5,6,-4
448608,2,3,5,-1
448605,3,5,8,-2
448600,8,7,15,1
448601,11,5,16,6
448603,2,0,2,2
448609,4,3,7,1
448599,2,6,8,-4
448626,12,3,15,9
448619,2,9,11,-7
448621,4,5,9,-1
448623,1,5,6,-4
448615,4,5,9,-1
448612,2,16,18,-14
448617,6,7,13,-1
448613,1,9,10,-8
448620,11,4,15,7
448616,3,7,10,-4
448618,7,0,7,7
448624,8,4,12,4
448614,8,7,15,1
448622,11,3,14,8
448625,6,4,10,2
446903,3,2,5,1
448633,0,1,1,-1
448627,3,1,4,2
448631,2,8,10,-6
448628,6,3,9,3
448643,2,5,7,-3
448634,5,4,9,1
448629,6,10,16,-4
448632,3,2,5,1
448630,8,5,13,3
448635,5,3,8,2
448638,15,5,20,10
448648,12,6,18,6
448637,6,1,7,5
448645,1,15,16,-14
448641,4,2,6,2
448636,1,3,4,-2
448639,3,6,9,-3
448658,4,5,9,-1
448647,8,5,13,3
448649,2,6,8,-4
448642,7,5,12,2
448646,6,7,13,-1
448644,4,3,7,1
448663,7,4,11,3
448660,0,2,2,-2
448662,8,2,10,6
448664,10,12,22,-2
448659,6,5,11,1
448653,7,2,9,5
448652,4,1,5,3
448656,10,3,13,7
448651,10,7,17,3
448654,2,3,5,-1
448674,2,6,8,-4
448655,1,6,7,-5
448657,5,13,18,-8
448661,4,3,7,1
448666,3,4,7,-1
448671,6,9,15,-3
448668,5,13,18,-8
448669,4,5,9,-1
448676,8,2,10,6
448667,4,5,9,-1
448670,4,5,9,-1
448672,1,8,9,-7
448675,4,6,10,-2
448665,8,9,17,-1
448673,7,10,17,-3
448680,15,8,23,7
448688,4,3,7,1
448682,6,5,11,1
448678,10,2,12,8
448681,2,9,11,-7
448689,6,2,8,4
448690,2,3,5,-1
448691,7,6,13,1
448687,9,0,9,9
448684,4,5,9,-1
448679,6,7,13,-1
448686,7,0,7,7
448683,6,7,13,-1
448685,1,8,9,-7
448677,4,7,11,-3
448700,9,5,14,4
448704,2,8,10,-6
448695,12,2,14,10
448703,2,4,6,-2
448697,3,1,4,2
448693,3,2,5,1
448696,1,11,12,-10
448705,6,5,11,1
448706,11,9,20,2
448702,2,6,8,-4
448699,0,10,10,-10
448694,9,2,11,7
448692,2,1,3,1
448698,2,8,10,-6
448701,5,1,6,4
448708,5,10,15,-5
448711,4,0,4,4
448719,4,8,12,-4
448720,2,3,5,-1
448710,5,3,8,2
448718,9,0,9,9
448721,6,7,13,-1
448712,3,2,5,1
448717,2,4,6,-2
448714,1,2,3,-1
448716,0,2,2,-2
448709,4,11,15,-7
448713,7,6,13,1
448707,1,9,10,-8
448715,2,0,2,2
448728,18,9,27,9
448730,3,4,7,-1
448727,3,1,4,2
448723,6,2,8,4
448726,2,4,6,-2
448722,8,9,17,-1
448725,1,0,1,1
448724,5,1,6,4
448729,5,7,12,-2
448745,1,8,9,-7
448737,1,7,8,-6
448739,2,7,9,-5
448732,2,1,3,1
448744,0,3,3,-3
448738,1,0,1,1
448736,8,3,11,5
448742,1,9,10,-8
448735,4,6,10,-2
448740,7,4,11,3
448731,7,4,11,3
448734,1,9,10,-8
448733,5,3,8,2
448743,5,9,14,-4
448741,5,1,6,4
448753,5,4,9,1
448751,1,7,8,-6
448750,1,5,6,-4
448749,6,3,9,3
448757,5,0,5,5
448747,10,8,18,2
448755,8,2,10,6
448748,3,4,7,-1
448760,6,5,11,1
448754,0,3,3,-3
448752,9,4,13,5
448758,5,3,8,2
448756,1,8,9,-7
448746,9,10,19,-1
448759,0,1,1,-1
448763,1,2,3,-1
448765,8,5,13,3
448762,0,4,4,-4
448767,6,3,9,3
448766,5,2,7,3
448768,10,6,16,4
448764,0,9,9,-9
448771,6,7,13,-1
448769,3,2,5,1
448761,3,1,4,2
448770,4,0,4,4
448777,5,8,13,-3
448773,4,14,18,-10
448780,8,15,23,-7
448779,2,4,6,-2
448778,6,3,9,3
448782,4,9,13,-5
448784,6,7,13,-1
448776,12,1,13,11
448786,4,5,9,-1
448785,3,1,4,2
448783,5,3,8,2
448781,1,3,4,-2
448775,3,4,7,-1
448774,6,4,10,2
448772,0,7,7,-7
448792,9,4,13,5
448788,5,13,18,-8
448795,7,8,15,-1
448789,2,3,5,-1
448794,3,2,5,1
448793,3,8,11,-5
448801,2,6,8,-4
448797,1,12,13,-11
448800,3,9,12,-6
448799,1,0,1,1
448798,9,6,15,3
448796,3,2,5,1
448791,0,7,7,-7
448790,13,0,13,13
448787,3,1,4,2
448803,5,0,5,5
448810,6,9,15,-3
448809,5,0,5,5
448812,5,1,6,4
448814,3,1,4,2
448807,5,3,8,2
448816,10,4,14,6
448815,1,4,5,-3
448813,3,1,4,2
448811,7,4,11,3
448806,1,2,3,-1
448802,4,13,17,-9
448805,2,11,13,-9
448804,0,1,1,-1
448808,10,4,14,6
448828,5,1,6,4
448829,4,0,4,4
448827,4,9,13,-5
448821,0,1,1,-1
448817,3,4,7,-1
448820,1,2,3,-1
448826,6,5,11,1
448824,7,8,15,-1
448825,3,6,9,-3
448823,0,6,6,-6
448822,5,8,13,-3
448819,1,8,9,-7
448818,2,9,11,-7
448843,3,5,8,-2
448844,3,2,5,1
448842,4,3,7,1
448835,4,5,9,-1
448839,3,7,10,-4
448831,4,8,12,-4
448834,4,7,11,-3
448838,0,3,3,-3
448840,7,8,15,-1
448837,1,3,4,-2
448841,2,1,3,1
448836,5,4,9,1
448832,2,4,6,-2
448830,4,3,7,1
448846,2,3,5,-1
448857,6,8,14,-2
448855,1,14,15,-13
448852,3,4,7,-1
448845,2,4,6,-2
448847,0,3,3,-3
448858,5,3,8,2
448859,2,1,3,1
448850,4,8,12,-4
448854,1,8,9,-7
448849,2,5,7,-3
448853,5,6,11,-1
448856,1,3,4,-2
448851,5,4,9,1
448862,6,9,15,-3
448861,6,4,10,2
448863,4,5,9,-1
448860,5,8,13,-3
448875,1,2,3,-1
448865,8,4,12,4
448873,0,8,8,-8
448872,1,0,1,1
448878,4,1,5,3
448876,2,3,5,-1
448877,3,8,11,-5
448871,2,6,8,-4
448869,8,10,18,-2
448867,11,4,15,7
448868,7,6,13,1
448864,7,14,21,-7
448866,16,2,18,14
448874,4,2,6,2
448870,8,11,19,-3
448890,3,2,5,1
448884,4,12,16,-8
448891,1,9,10,-8
448892,5,7,12,-2
448880,6,4,10,2
448888,0,2,2,-2
448887,7,4,11,3
448893,1,3,4,-2
448882,3,11,14,-8
448886,3,8,11,-5
448883,2,5,7,-3
448879,9,4,13,5
448881,11,2,13,9
448889,1,5,6,-4
448885,10,3,13,7
448906,5,2,7,3
448907,5,3,8,2
448895,2,0,2,2
448903,5,2,7,3
448902,10,0,10,10
448897,13,11,24,2
448898,6,5,11,1
448905,2,3,5,-1
448899,7,6,13,1
448896,0,1,1,-1
448894,8,5,13,3
448904,4,7,11,-3
448900,4,2,6,2
448901,5,6,11,-1
448908,1,5,6,-4
448923,3,5,8,-2
448918,5,0,5,5
448911,7,3,10,4
448919,6,2,8,4
448913,7,2,9,5
448916,11,5,16,6
448917,10,7,17,3
448921,12,6,18,6
448910,4,6,10,-2
448920,0,6,6,-6
448922,6,14,20,-8
448914,5,3,8,2
448912,1,2,3,-1
448915,6,2,8,4
448909,2,10,12,-8
448936,9,7,16,2
448925,7,9,16,-2
448938,6,7,13,-1
448930,4,3,7,1
448933,5,3,8,2
448926,11,2,13,9
448934,4,3,7,1
448931,10,3,13,7
448929,0,2,2,-2
448928,5,12,17,-7
448935,3,2,5,1
448932,2,3,5,-1
448924,2,5,7,-3
448927,5,1,6,4
448937,10,7,17,3
448948,6,3,9,3
448941,6,7,13,-1
448944,4,7,11,-3
448947,1,4,5,-3
448951,3,4,7,-1
448940,4,5,9,-1
448953,0,2,2,-2
448945,5,6,11,-1
448949,0,6,6,-6
448946,5,6,11,-1
448943,1,2,3,-1
448950,5,6,11,-1
448942,7,2,9,5
448939,1,3,4,-2
448952,3,8,11,-5
448956,7,10,17,-3
448954,1,4,5,-3
448958,4,1,5,3
448959,4,5,9,-1
448957,12,5,17,7
448955,1,14,15,-13
448960,3,6,9,-3
448964,4,3,7,1
448971,4,5,9,-1
448974,5,7,12,-2
448962,13,3,16,10
448961,3,4,7,-1
448968,1,4,5,-3
448970,6,4,10,2
448963,2,0,2,2
448965,5,4,9,1
448967,2,7,9,-5
448969,3,4,7,-1
448972,7,6,13,1
448973,3,2,5,1
448975,2,1,3,1
448966,4,1,5,3
448978,1,2,3,-1
448977,2,3,5,-1
448988,14,3,17,11
448989,1,5,6,-4
448979,8,7,15,1
448986,0,3,3,-3
448976,11,3,14,8
448980,1,2,3,-1
448985,3,4,7,-1
448982,6,5,11,1
448983,5,0,5,5
448984,1,5,6,-4
448987,11,3,14,8
448981,3,6,9,-3
448990,8,5,13,3
449004,4,2,6,2
448992,11,8,19,3
448991,3,1,4,2
448998,0,3,3,-3
448994,8,0,8,8
449001,2,3,5,-1
449000,10,3,13,7
448995,7,1,8,6
448997,2,0,2,2
448999,2,1,3,1
449005,2,3,5,-1
449003,3,2,5,1
449002,5,3,8,2
448996,3,2,5,1
448993,9,5,14,4
449014,1,8,9,-7
449016,2,6,8,-4
449010,8,2,10,6
449019,2,3,5,-1
449006,2,12,14,-10
449013,2,4,6,-2
449011,7,12,19,-5
449012,0,3,3,-3
449015,16,3,19,13
449020,4,3,7,1
449008,4,11,15,-7
449007,4,1,5,3
449009,9,12,21,-3
449018,8,1,9,7
449017,4,0,4,4
449029,4,3,7,1
449031,5,3,8,2
449025,0,3,3,-3
449034,6,2,8,4
449021,6,3,9,3
449028,8,1,9,7
449026,7,5,12,2
449027,4,6,10,-2
449030,5,4,9,1
449035,3,2,5,1
449023,1,8,9,-7
449022,2,4,6,-2
449024,4,11,15,-7
449033,8,0,8,8
449032,6,4,10,2
449049,8,1,9,7
449037,7,0,7,7
449047,3,1,4,2
449044,0,1,1,-1
449040,2,0,2,2
449046,2,6,8,-4
449036,1,0,1,1
449043,6,9,15,-3
449041,7,5,12,2
449042,7,0,7,7
449045,8,0,8,8
449050,4,8,12,-4
449038,6,1,7,5
449039,6,11,17,-5
449048,2,1,3,1
449054,5,1,6,4
449051,1,2,3,-1
449059,7,6,13,1
449057,15,2,17,13
449055,5,7,12,-2
449056,14,5,19,9
449053,5,4,9,1
449052,3,7,10,-4
449060,7,2,9,5
449058,2,6,8,-4
449066,4,5,9,-1
449073,4,5,9,-1
449065,3,4,7,-1
449062,4,11,15,-7
449070,9,7,16,2
449067,0,3,3,-3
449068,4,7,11,-3
449075,7,2,9,5
449069,6,7,13,-1
449061,7,4,11,3
449071,7,8,15,-1
449064,3,2,5,1
449074,5,0,5,5
449063,6,0,6,6
449072,2,8,10,-6
449090,3,7,10,-4
449083,5,6,11,-1
449081,11,3,14,8
449077,0,1,1,-1
449088,5,2,7,3
449080,0,8,8,-8
449082,2,3,5,-1
449076,2,3,5,-1
449084,11,2,13,9
449079,6,2,8,4
449086,0,8,8,-8
449087,3,2,5,1
449089,1,6,7,-5
449078,2,1,3,1
449092,9,5,14,4
449100,4,7,11,-3
449097,2,3,5,-1
449103,1,2,3,-1
449095,5,4,9,1
449091,3,10,13,-7
449096,3,1,4,2
449099,5,2,7,3
449104,0,4,4,-4
449102,3,0,3,3
449094,9,10,19,-1
449101,3,6,9,-3
449093,3,7,10,-4
449098,4,5,9,-1
447572,3,8,11,-5
449108,5,2,7,3
449107,7,3,10,4
449115,3,4,7,-1
449109,2,5,7,-3
449111,2,3,5,-1
449113,5,3,8,2
449110,4,2,6,2
449106,2,3,5,-1
449112,1,2,3,-1
449114,3,2,5,1
449118,5,2,7,3
449119,6,7,13,-1
449123,1,2,3,-1
449117,5,4,9,1
449130,0,1,1,-1
449125,5,3,8,2
449120,1,6,7,-5
449124,4,5,9,-1
449121,8,1,9,7
449126,6,3,9,3
449128,10,5,15,5
449122,2,1,3,1
449116,2,5,7,-3
449127,2,0,2,2
449129,10,2,12,8
449143,1,11,12,-10
449137,6,5,11,1
449144,1,2,3,-1
449133,5,1,6,4
449134,3,8,11,-5
449138,3,4,7,-1
449132,4,3,7,1
449145,8,3,11,5
449140,11,5,16,6
449135,2,9,11,-7
449139,5,4,9,1
449141,4,1,5,3
449131,3,2,5,1
449142,3,9,12,-6
449147,5,3,8,2
449150,2,5,7,-3
449153,8,9,17,-1
449146,6,3,9,3
449152,0,2,2,-2
449151,2,0,2,2
449154,1,3,4,-2
449148,4,7,11,-3
449155,2,1,3,1
449168,0,5,5,-5
449156,2,3,5,-1
449170,5,6,11,-1
449164,0,9,9,-9
449162,3,8,11,-5
449158,2,1,3,1
449165,5,10,15,-5
449159,4,10,14,-6
449157,3,2,5,1
449163,10,6,16,4
449167,10,1,11,9
449160,4,5,9,-1
449169,3,0,3,3
449161,2,5,7,-3
449166,2,7,9,-5
449177,7,4,11,3
449183,10,4,14,6
449184,5,0,5,5
449179,0,3,3,-3
449173,6,4,10,2
449171,1,6,7,-5
449185,6,1,7,5
449178,10,4,14,6
449182,2,3,5,-1
449180,10,8,18,2
449174,8,1,9,7
449172,4,6,10,-2
449175,6,1,7,5
449181,9,6,15,3
449176,1,14,15,-13
449194,3,4,7,-1
449192,12,9,21,3
449188,3,2,5,1
449195,0,17,17,-17
449189,3,0,3,3
449186,1,2,3,-1
449200,10,7,17,3
449193,1,4,5,-3
449197,4,3,7,1
449190,4,2,6,2
449199,1,7,8,-6
449191,3,4,7,-1
449196,3,4,7,-1
449198,1,3,4,-2
449201,14,4,18,10
449202,12,2,14,10
449207,7,5,12,2
449204,7,4,11,3
449206,3,7,10,-4
449205,8,3,11,5
449209,4,3,7,1
449210,1,7,8,-6
449203,15,2,17,13
449208,1,2,3,-1
449211,2,4,6,-2
449214,6,4,10,2
449213,4,6,10,-2
449212,1,5,6,-4
449216,0,12,12,-12
449223,6,7,13,-1
449221,12,1,13,11
449220,3,4,7,-1
449219,4,6,10,-2
449224,4,8,12,-4
449225,6,13,19,-7
449215,5,12,17,-7
449222,1,8,9,-7
449218,1,7,8,-6
449217,3,12,15,-9
449239,12,4,16,8
449229,4,8,12,-4
449228,3,5,8,-2
449227,3,2,5,1
449238,2,12,14,-10
449236,5,2,7,3
449235,2,5,7,-3
449234,5,8,13,-3
449240,0,1,1,-1
449230,2,1,3,1
449237,6,8,14,-2
449233,5,6,11,-1
449232,2,0,2,2
449241,3,5,8,-2
449243,1,5,6,-4
449242,4,0,4,4
449251,2,5,7,-3
449245,3,4,7,-1
449249,7,6,13,1
449252,5,3,8,2
449248,9,4,13,5
449250,2,3,5,-1
449247,2,7,9,-5
449262,5,1,6,4
449259,7,4,11,3
449253,8,1,9,7
449254,7,3,10,4
449267,3,5,8,-2
449256,6,2,8,4
449266,1,3,4,-2
449261,3,7,10,-4
449260,1,4,5,-3
449255,7,2,9,5
449264,0,7,7,-7
449265,3,5,8,-2
449257,1,7,8,-6
449263,1,5,6,-4
449258,3,9,12,-6
449279,3,4,7,-1
449277,5,3,8,2
449273,0,3,3,-3
449274,1,2,3,-1
449268,3,7,10,-4
449269,4,7,11,-3
449270,6,3,9,3
449282,4,3,7,1
449271,3,5,8,-2
449276,6,0,6,6
449281,4,1,5,3
449280,5,9,14,-4
449275,4,3,7,1
449272,3,0,3,3
449278,9,8,17,1
449287,1,8,9,-7
449288,1,7,8,-6
449296,6,4,10,2
449297,2,1,3,1
449292,2,5,7,-3
449289,7,10,17,-3
449283,5,2,7,3
449284,7,4,11,3
449295,2,3,5,-1
449293,3,2,5,1
449286,0,1,1,-1
449291,6,3,9,3
449290,6,4,10,2
449285,3,2,5,1
449294,4,10,14,-6
490106,3,7,10,-4
490110,5,6,11,-1
490099,3,4,7,-1
490105,2,4,6,-2
490098,0,6,6,-6
490108,3,5,8,-2
490101,7,5,12,2
490112,2,3,5,-1
490109,3,14,17,-11
490103,1,7,8,-6
490107,4,3,7,1
490100,8,5,13,3
490111,0,3,3,-3
490104,2,4,6,-2
490102,6,3,9,3
490116,5,0,5,5
490114,6,5,11,1
490113,4,3,7,1
490119,1,2,3,-1
490136,2,1,3,1
490118,8,4,12,4
490115,7,6,13,1
490117,4,0,4,4
490125,1,9,10,-8
490134,1,3,4,-2
490127,4,6,10,-2
490130,0,3,3,-3
490129,0,2,2,-2
490120,3,1,4,2
490128,1,4,5,-3
490122,9,6,15,3
490133,3,5,8,-2
490123,1,6,7,-5
490132,6,8,14,-2
490126,5,0,5,5
490131,1,3,4,-2
490142,4,7,11,-3
490139,3,5,8,-2
490137,2,1,3,1
490121,6,4,10,2
490138,2,11,13,-9
490144,2,10,12,-8
490140,1,5,6,-4
490141,4,3,7,1
490147,5,2,7,3
490135,2,6,8,-4
490146,4,2,6,2
490145,3,9,12,-6
490148,4,5,9,-1
490149,5,6,11,-1
490162,7,6,13,1
490154,1,2,3,-1
490159,6,7,13,-1
490157,5,6,11,-1
490161,8,10,18,-2
490155,7,2,9,5
490158,5,10,15,-5
490153,5,1,6,4
490156,3,1,4,2
490150,1,2,3,-1
490151,2,0,2,2
490152,3,7,10,-4
490160,1,5,6,-4
490164,1,4,5,-3
490171,2,6,8,-4
490166,4,10,14,-6
490172,4,5,9,-1
490176,2,3,5,-1
490177,3,17,20,-14
490163,4,6,10,-2
490168,7,3,10,4
490170,8,1,9,7
490165,11,6,17,5
490173,6,1,7,5
490167,2,11,13,-9
490169,2,4,6,-2
490174,1,2,3,-1
490175,4,5,9,-1
490179,7,5,12,2
490191,2,7,9,-5
490192,3,4,7,-1
490178,5,6,11,-1
490187,7,3,10,4
490183,4,5,9,-1
490186,4,1,5,3
490180,7,4,11,3
490181,8,0,8,8
490188,1,8,9,-7
490184,10,6,16,4
490190,9,10,19,-1
490182,2,3,5,-1
490189,5,3,8,2
490185,2,5,7,-3
490202,1,8,9,-7
490194,1,2,3,-1
490199,2,0,2,2
490193,1,4,5,-3
490196,0,6,6,-6
490195,7,1,8,6
490201,6,14,20,-8
490198,4,3,7,1
490197,2,3,5,-1
490200,5,3,8,2
490210,1,2,3,-1
490206,1,2,3,-1
490207,6,2,8,4
490213,3,8,11,-5
490211,14,4,18,10
490209,4,3,7,1
490205,1,8,9,-7
490204,4,8,12,-4
490212,2,3,5,-1
490214,5,6,11,-1
490208,7,5,12,2
490203,4,3,7,1
490228,4,8,12,-4
490223,3,5,8,-2
490226,6,0,6,6
490227,6,1,7,5
490218,2,1,3,1
490219,9,2,11,7
490224,5,4,9,1
490222,2,0,2,2
490217,12,5,17,7
490216,5,4,9,1
490221,2,0,2,2
490225,8,3,11,5
490229,8,3,11,5
490220,10,5,15,5
490215,2,6,8,-4
490235,11,5,16,6
490143,3,4,7,-1
490233,0,4,4,-4
490239,8,3,11,5
490231,10,4,14,6
490238,2,3,5,-1
490230,2,1,3,1
490236,9,8,17,1
490234,5,1,6,4
490237,1,3,4,-2
490232,3,1,4,2
490250,4,2,6,2
490249,2,3,5,-1
490252,3,4,7,-1
490241,6,4,10,2
490244,7,6,13,1
490253,10,5,15,5
490248,2,3,5,-1
490247,10,4,14,6
490251,2,5,7,-3
490242,2,1,3,1
490246,1,7,8,-6
490245,7,2,9,5
490240,1,7,8,-6
490254,1,2,3,-1
490243,2,8,10,-6
490264,4,2,6,2
490267,2,3,5,-1
490256,1,2,3,-1
490262,5,7,12,-2
490257,0,6,6,-6
490265,8,7,15,1
490260,10,6,16,4
490258,5,0,5,5
490268,1,2,3,-1
490259,6,13,19,-7
490266,2,4,6,-2
490263,4,5,9,-1
490261,2,3,5,-1
490255,4,8,12,-4
490269,0,5,5,-5
490271,11,4,15,7
490274,4,1,5,3
490278,2,4,6,-2
490277,4,2,6,2
490283,5,7,12,-2
490279,4,6,10,-2
490281,2,9,11,-7
490276,0,1,1,-1
490280,6,1,7,5
490273,4,3,7,1
490270,3,1,4,2
490284,7,8,15,-1
490272,3,1,4,2
490282,3,9,12,-6
490293,3,4,7,-1
490291,1,2,3,-1
490286,4,7,11,-3
490292,4,5,9,-1
490290,6,3,9,3
490288,0,3,3,-3
490287,3,1,4,2
490294,7,0,7,7
490285,4,2,6,2
490289,1,6,7,-5
490298,4,1,5,3
490297,8,7,15,1
490296,3,9,12,-6
490301,1,5,6,-4
490305,6,2,8,4
490309,3,1,4,2
490304,7,9,16,-2
490302,5,2,7,3
490299,11,4,15,7
490307,2,1,3,1
490306,1,2,3,-1
490308,2,4,6,-2
490300,4,3,7,1
490295,11,2,13,9
490303,5,0,5,5
490321,1,2,3,-1
490319,4,7,11,-3
490323,1,9,10,-8
490318,5,10,15,-5
490313,1,9,10,-8
490312,0,3,3,-3
490311,2,0,2,2
490316,7,8,15,-1
490320,4,5,9,-1
490324,14,4,18,10
490317,1,5,6,-4
490322,0,2,2,-2
490315,2,4,6,-2
490310,0,1,1,-1
490327,4,1,5,3
490329,1,8,9,-7
490328,6,2,8,4
490331,1,2,3,-1
490326,2,1,3,1
490332,6,4,10,2
490335,3,2,5,1
490330,0,1,1,-1
490334,5,7,12,-2
490325,1,4,5,-3
490333,6,9,15,-3
490337,0,2,2,-2
490336,3,4,7,-1
490345,3,6,9,-3
490338,6,5,11,1
490350,4,3,7,1
490341,6,3,9,3
490342,2,6,8,-4
490340,3,6,9,-3
490339,3,0,3,3
490348,6,3,9,3
490346,5,6,11,-1
490343,5,13,18,-8
490347,1,3,4,-2
490349,8,7,15,1
490344,3,5,8,-2
490353,12,8,20,4
490355,5,4,9,1
490365,3,1,4,2
490362,3,4,7,-1
490360,11,5,16,6
490356,3,6,9,-3
490352,2,4,6,-2
490351,3,4,7,-1
490354,7,0,7,7
490363,4,1,5,3
490357,1,2,3,-1
490358,5,11,16,-6
490361,3,12,15,-9
490359,6,3,9,3
490364,4,5,9,-1
490368,5,7,12,-2
490371,6,4,10,2
490367,6,2,8,4
490366,2,5,7,-3
490375,1,2,3,-1
490370,13,4,17,9
490369,2,6,8,-4
490378,6,4,10,2
490372,2,5,7,-3
490376,0,8,8,-8
490379,6,2,8,4
490377,11,1,12,10
490373,6,2,8,4
490374,7,3,10,4
490380,6,3,9,3
490381,14,3,17,11
490387,3,6,9,-3
490382,7,11,18,-4
490385,3,2,5,1
490383,1,12,13,-11
490389,4,8,12,-4
490386,6,7,13,-1
490388,1,2,3,-1
490384,1,2,3,-1
490393,4,2,6,2
490391,1,0,1,1
490402,2,0,2,2
490401,9,19,28,-10
490392,1,9,10,-8
490397,8,1,9,7
490394,5,10,15,-5
490403,6,5,11,1
490404,15,12,27,3
490400,3,9,12,-6
490399,1,2,3,-1
490395,2,1,3,1
490407,4,9,13,-5
490409,2,5,7,-3
490408,6,7,13,-1
490406,5,6,11,-1
490417,4,5,9,-1
490411,4,7,11,-3
490416,8,0,8,8
490405,8,2,10,6
490413,3,1,4,2
490412,3,14,17,-11
490419,11,4,15,7
490415,8,5,13,3
490414,5,8,13,-3
490410,3,4,7,-1
490423,2,3,5,-1
490427,2,1,3,1
490420,7,5,12,2
490429,16,5,21,11
490422,5,1,6,4
490421,3,4,7,-1
490424,3,0,3,3
490426,2,6,8,-4
490425,1,2,3,-1
490438,7,5,12,2
490431,11,14,25,-3
490444,7,4,11,3
490432,4,5,9,-1
490443,3,1,4,2
490433,7,3,10,4
490441,12,2,14,10
490436,6,3,9,3
490439,4,9,13,-5
490430,10,8,18,2
490434,5,7,12,-2
490437,6,4,10,2
490435,3,1,4,2
490440,3,5,8,-2
490442,3,4,7,-1
490453,5,3,8,2
490446,4,12,16,-8
490459,1,4,5,-3
490448,6,4,10,2
490447,7,4,11,3
490458,3,4,7,-1
490454,2,1,3,1
490456,4,0,4,4
490445,11,3,14,8
490451,3,6,9,-3
490450,7,6,13,1
490457,12,4,16,8
490455,5,6,11,-1
490461,7,4,11,3
490474,1,3,4,-2
490473,4,12,16,-8
490463,3,7,10,-4
490471,3,10,13,-7
490468,5,23,28,-18
490469,2,7,9,-5
490460,3,4,7,-1
490464,5,4,9,1
490467,7,5,12,2
490466,5,2,7,3
490472,5,2,7,3
490465,0,2,2,-2
490470,3,5,8,-2
490462,2,6,8,-4
490485,7,1,8,6
490475,5,2,7,3
490477,1,7,8,-6
490481,3,4,7,-1
490483,4,2,6,2
490479,7,5,12,2
490480,10,2,12,8
490484,2,6,8,-4
490476,1,6,7,-5
490478,7,5,12,2
490482,4,3,7,1
490486,6,3,9,3
490500,5,11,16,-6
490487,2,5,7,-3
490489,2,5,7,-3
490496,12,3,15,9
490498,3,1,4,2
490493,7,9,16,-2
490495,3,8,11,-5
490499,7,8,15,-1
490494,1,9,10,-8
490488,6,0,6,6
490492,1,2,3,-1
490490,2,6,8,-4
490491,6,4,10,2
490497,5,13,18,-8
490501,1,2,3,-1
490515,6,8,14,-2
490502,2,4,6,-2
490504,3,2,5,1
490512,2,7,9,-5
490507,10,6,16,4
490509,16,5,21,11
490511,4,5,9,-1
490514,1,10,11,-9
490510,4,7,11,-3
490503,1,6,7,-5
490505,11,3,14,8
490506,7,8,15,-1
490513,4,1,5,3
490527,2,4,6,-2
490516,2,4,6,-2
490525,8,5,13,3
490528,10,4,14,6
490518,8,3,11,5
490526,4,5,9,-1
490520,3,2,5,1
490517,8,3,11,5
490522,1,5,6,-4
490523,5,4,9,1
490521,3,11,14,-8
490538,3,2,5,1
490539,3,13,16,-10
490543,4,2,6,2
490531,2,4,6,-2
490537,0,4,4,-4
490542,8,4,12,4
490536,7,8,15,-1
490540,10,0,10,10
490530,3,4,7,-1
490532,1,3,4,-2
490529,6,3,9,3
490533,7,2,9,5
490534,7,6,13,1
490535,8,2,10,6
490541,3,1,4,2
490545,11,1,12,10
490557,1,6,7,-5
490547,3,1,4,2
490558,6,2,8,4
490546,5,6,11,-1
490552,1,2,3,-1
490554,2,14,16,-12
490555,5,3,8,2
490551,3,11,14,-8
490553,11,6,17,5
490544,1,9,10,-8
490550,10,2,12,8
490548,5,6,11,-1
490549,1,2,3,-1
490556,2,8,10,-6
490572,2,1,3,1
490566,7,0,7,7
490570,6,4,10,2
490561,0,4,4,-4
490567,6,2,8,4
490560,17,6,23,11
490562,1,0,1,1
490573,5,6,11,-1
490559,2,5,7,-3
490564,5,3,8,2
490563,6,8,14,-2
490569,0,4,4,-4
490571,3,4,7,-1
490568,5,4,9,1
490582,4,6,10,-2
490575,2,4,6,-2
490580,3,4,7,-1
490576,7,3,10,4
490623,9,4,13,5
490578,10,4,14,6
490577,2,3,5,-1
490579,1,12,13,-11
490581,1,5,6,-4
490596,11,0,11,11
490597,4,5,9,-1
490594,10,9,19,1
490586,6,0,6,6
490593,1,6,7,-5
490588,7,6,13,1
490595,6,5,11,1
490591,3,5,8,-2
490584,7,11,18,-4
490583,3,8,11,-5
490590,7,2,9,5
490587,7,3,10,4
490589,7,3,10,4
490592,3,4,7,-1
490610,11,6,17,5
490609,6,5,11,1
490598,2,4,6,-2
490601,0,3,3,-3
490605,1,3,4,-2
490599,6,7,13,-1
490602,7,8,15,-1
490604,1,12,13,-11
490611,7,5,12,2
490608,3,4,7,-1
490600,4,7,11,-3
490603,1,7,8,-6
490607,2,5,7,-3
490617,6,0,6,6
490613,4,1,5,3
490616,3,2,5,1
490622,2,7,9,-5
490621,2,5,7,-3
490619,7,6,13,1
490618,7,10,17,-3
490620,1,2,3,-1
490615,7,1,8,6
490614,3,2,5,1
490629,5,1,6,4
490637,0,4,4,-4
490638,5,4,9,1
490631,1,0,1,1
490624,8,4,12,4
490633,2,5,7,-3
490636,6,3,9,3
490632,4,7,11,-3
490625,2,3,5,-1
490626,3,2,5,1
490630,6,2,8,4
490635,4,11,15,-7
490628,0,7,7,-7
490627,2,3,5,-1
490653,3,6,9,-3
490652,2,7,9,-5
490642,1,3,4,-2
490641,3,5,8,-2
490646,4,1,5,3
490649,4,6,10,-2
490651,4,5,9,-1
490639,3,1,4,2
490647,4,11,15,-7
490640,3,4,7,-1
490648,5,6,11,-1
490645,4,0,4,4
490650,4,3,7,1
490643,4,3,7,1
490667,2,3,5,-1
490661,3,8,11,-5
490654,1,3,4,-2
490668,11,2,13,9
490666,3,9,12,-6
490662,9,11,20,-2
490655,8,9,17,-1
490656,0,5,5,-5
490663,4,6,10,-2
490660,6,9,15,-3
490658,1,4,5,-3
490657,3,8,11,-5
490665,6,4,10,2
490676,7,8,15,-1
490669,10,6,16,4
490671,7,2,9,5
490674,3,7,10,-4
490670,3,5,8,-2
490675,5,6,11,-1
490673,5,6,11,-1
490672,4,8,12,-4
490677,9,5,14,4
490690,6,4,10,2
490691,8,4,12,4
490678,13,11,24,2
490683,12,2,14,10
490681,5,9,14,-4
490689,1,5,6,-4
490682,7,3,10,4
490679,6,3,9,3
490687,7,1,8,6
490686,4,5,9,-1
490680,6,7,13,-1
490688,9,6,15,3
490685,6,2,8,4
490684,1,2,3,-1
490704,7,4,11,3
490697,3,0,3,3
490700,4,5,9,-1
490698,6,1,7,5
490706,1,6,7,-5
490692,4,5,9,-1
490705,4,8,12,-4
490695,5,7,12,-2
490703,3,9,12,-6
490693,5,4,9,1
490701,11,7,18,4
490694,8,12,20,-4
490702,0,4,4,-4
490699,3,1,4,2
490717,4,10,14,-6
490707,5,6,11,-1
490715,4,8,12,-4
490710,5,9,14,-4
490713,4,2,6,2
490716,9,0,9,9
490714,1,5,6,-4
490708,3,8,11,-5
490709,4,5,9,-1
490712,2,7,9,-5
490726,6,3,9,3
490731,3,5,8,-2
490728,7,2,9,5
490722,12,6,18,6
490724,0,3,3,-3
490730,5,3,8,2
490727,4,5,9,-1
490732,4,7,11,-3
490721,5,3,8,2
490723,3,4,7,-1
490729,6,5,11,1
490719,2,3,5,-1
490718,10,1,11,9
490720,2,1,3,1
490725,2,7,9,-5
490734,3,8,11,-5
490743,3,6,9,-3
490737,8,12,20,-4
490736,3,0,3,3
490747,2,5,7,-3
490742,5,9,14,-4
490739,5,7,12,-2
490744,3,1,4,2
490745,3,9,12,-6
490746,5,7,12,-2
490733,9,1,10,8
490735,16,1,17,15
490740,10,6,16,4
490752,6,4,10,2
490754,12,5,17,7
490757,3,2,5,1
490761,3,1,4,2
490758,0,1,1,-1
490762,3,2,5,1
490751,8,6,14,2
490759,3,8,11,-5
490756,6,13,19,-7
490749,12,3,15,9
490750,8,1,9,7
490755,3,6,9,-3
490748,1,5,6,-4
490760,5,2,7,3
490769,14,7,21,7
490765,8,1,9,7
490767,2,4,6,-2
490764,1,5,6,-4
490768,3,2,5,1
490770,2,5,7,-3
490771,6,4,10,2
490766,0,1,1,-1
490763,1,5,6,-4
490783,1,10,11,-9
490782,1,4,5,-3
490779,2,0,2,2
490774,8,2,10,6
490776,6,2,8,4
490773,8,7,15,1
490781,3,9,12,-6
490777,4,0,4,4
490785,6,11,17,-5
490780,5,6,11,-1
490786,4,3,7,1
490775,2,6,8,-4
490772,4,5,9,-1
490778,11,9,20,2
490784,1,2,3,-1
490794,4,3,7,1
490801,8,4,12,4
490793,1,4,5,-3
490787,6,8,14,-2
490788,4,3,7,1
490798,1,5,6,-4
490789,7,2,9,5
490791,0,3,3,-3
490796,6,5,11,1
490792,2,5,7,-3
490800,4,9,13,-5
490795,12,5,17,7
490797,4,5,9,-1
490790,6,3,9,3
490799,6,1,7,5
490811,4,2,6,2
490808,9,4,13,5
490804,1,2,3,-1
490807,0,4,4,-4
490810,1,5,6,-4
490809,4,3,7,1
490813,2,6,8,-4
490805,6,7,13,-1
490802,4,0,4,4
490812,3,7,10,-4
490822,8,1,9,7
490824,1,5,6,-4
490818,5,2,7,3
490823,4,1,5,3
490828,6,7,13,-1
490820,6,4,10,2
490825,0,3,3,-3
490821,5,8,13,-3
490816,0,2,2,-2
490827,5,2,7,3
490814,4,2,6,2
490826,0,10,10,-10
490817,0,4,4,-4
490815,2,0,2,2
490838,2,3,5,-1
490843,1,3,4,-2
490842,3,5,8,-2
490839,0,3,3,-3
490840,0,6,6,-6
490833,3,4,7,-1
490835,5,2,7,3
490836,5,2,7,3
490829,1,6,7,-5
490831,2,5,7,-3
490832,0,5,5,-5
490837,4,5,9,-1
490841,3,0,3,3
490830,3,6,9,-3
490853,5,9,14,-4
490858,3,1,4,2
490850,1,10,11,-9
490851,2,9,11,-7
490854,5,3,8,2
490855,5,0,5,5
490848,8,4,12,4
490846,4,8,12,-4
490857,8,6,14,2
490849,3,7,10,-4
490844,5,9,14,-4
490856,4,8,12,-4
490845,1,7,8,-6
490847,4,9,13,-5
490852,7,2,9,5
490868,2,3,5,-1
490865,16,8,24,8
490861,4,5,9,-1
490866,5,1,6,4
490871,6,5,11,1
490859,3,4,7,-1
490873,3,0,3,3
490869,3,5,8,-2
490867,2,4,6,-2
490862,2,5,7,-3
490863,2,17,19,-15
490870,1,4,5,-3
490864,10,7,17,3
490872,10,8,18,2
490860,6,3,9,3
490884,4,9,13,-5
490874,3,0,3,3
490881,9,4,13,5
490883,8,3,11,5
490878,4,6,10,-2
490886,10,4,14,6
490885,2,7,9,-5
490882,4,5,9,-1
490887,5,9,14,-4
490880,7,2,9,5
490876,13,7,20,6
490879,0,1,1,-1
490875,3,9,12,-6
490877,2,6,8,-4
490888,6,3,9,3
490889,6,5,11,1
490893,4,5,9,-1
490896,17,6,23,11
490901,2,10,12,-8
490892,1,2,3,-1
490900,3,1,4,2
490899,4,10,14,-6
490898,7,1,8,6
490902,7,5,12,2
490891,4,1,5,3
490895,6,5,11,1
490897,1,2,3,-1
490890,1,2,3,-1
490894,0,5,5,-5
490903,3,1,4,2
490911,0,8,8,-8
490908,2,1,3,1
490907,0,2,2,-2
490906,6,3,9,3
490905,5,7,12,-2
490910,12,2,14,10
490904,3,2,5,1
490909,4,2,6,2
490924,2,3,5,-1
490914,2,3,5,-1
490923,10,0,10,10
490921,5,7,12,-2
490922,12,7,19,5
490913,2,3,5,-1
490915,5,15,20,-10
490912,5,7,12,-2
490918,7,1,8,6
490919,2,1,3,1
490916,0,4,4,-4
490926,13,3,16,10
490920,11,5,16,6
490917,5,8,13,-3
490925,4,12,16,-8
490936,7,0,7,7
490931,5,12,17,-7
490939,3,5,8,-2
490941,4,10,14,-6
490938,3,5,8,-2
490932,10,1,11,9
490928,6,5,11,1
490930,1,10,11,-9
490927,0,3,3,-3
490934,10,8,18,2
490929,5,2,7,3
490937,2,4,6,-2
490933,6,5,11,1
490935,2,7,9,-5
490940,2,9,11,-7
490951,2,3,5,-1
490952,11,1,12,10
490943,13,8,21,5
490945,4,7,11,-3
490942,5,6,11,-1
490944,7,3,10,4
490953,7,9,16,-2
490949,0,3,3,-3
490946,8,0,8,8
490948,7,2,9,5
490950,3,2,5,1
490956,11,10,21,1
490955,1,7,8,-6
490947,3,1,4,2
490954,6,7,13,-1
490961,2,4,6,-2
490959,11,4,15,7
490960,7,2,9,5
490958,1,3,4,-2
490957,7,3,10,4
490962,3,5,8,-2
490963,4,2,6,2
490973,5,6,11,-1
490964,5,4,9,1
490968,5,3,8,2
490976,1,13,14,-12
490965,4,2,6,2
490972,3,1,4,2
490975,2,5,7,-3
490971,8,10,18,-2
490969,2,10,12,-8
490967,7,9,16,-2
490966,3,11,14,-8
490974,2,10,12,-8
490977,1,4,5,-3
490978,2,1,3,1
490970,3,12,15,-9
490981,1,8,9,-7
490993,1,2,3,-1
490992,7,5,12,2
490988,6,9,15,-3
490979,0,8,8,-8
490983,0,4,4,-4
490991,4,6,10,-2
490980,1,3,4,-2
490987,1,14,15,-13
490986,4,3,7,1
490984,6,5,11,1
490990,3,6,9,-3
490982,5,7,12,-2
490989,4,7,11,-3
490985,5,6,11,-1
491004,2,5,7,-3
490998,11,4,15,7
491003,9,5,14,4
491002,3,15,18,-12
490612,1,6,7,-5
490999,7,1,8,6
490994,1,9,10,-8
490995,5,7,12,-2
491001,1,3,4,-2
490996,4,1,5,3
490997,6,1,7,5
491000,2,1,3,1
491008,5,3,8,2
491018,5,2,7,3
491012,12,7,19,5
491009,3,5,8,-2
491016,4,13,17,-9
491006,3,7,10,-4
491015,2,3,5,-1
491005,2,8,10,-6
491011,9,4,13,5
491017,2,3,5,-1
491013,8,6,14,2
491007,2,7,9,-5
491010,3,6,9,-3
491019,2,4,6,-2
491014,4,0,4,4
491034,6,3,9,3
491033,0,7,7,-7
491023,9,1,10,8
491029,3,2,5,1
491027,6,7,13,-1
491026,1,3,4,-2
491025,12,6,18,6
491024,3,11,14,-8
491021,5,3,8,2
491020,3,16,19,-13
491022,4,5,9,-1
491035,4,2,6,2
491028,2,3,5,-1
491036,3,14,17,-11
491047,4,5,9,-1
491037,2,4,6,-2
491046,2,1,3,1
491043,1,3,4,-2
491042,12,6,18,6
491048,5,6,11,-1
491039,5,7,12,-2
491049,5,1,6,4
491045,8,13,21,-5
491038,7,9,16,-2
491050,4,0,4,4
491044,1,11,12,-10
491041,8,3,11,5
491040,8,3,11,5
491055,2,7,9,-5
491051,11,10,21,1
491053,1,6,7,-5
491057,5,6,11,-1
491059,6,1,7,5
491058,14,3,17,11
491052,7,10,17,-3
491056,5,3,8,2
491054,3,9,12,-6
491065,2,5,7,-3
491061,5,10,15,-5
491073,8,1,9,7
491060,7,6,13,1
491067,7,5,12,2
491063,14,3,17,11
491071,3,4,7,-1
491070,1,8,9,-7
491074,4,2,6,2
491072,7,20,27,-13
491062,1,6,7,-5
491069,2,3,5,-1
491064,2,6,8,-4
491066,8,1,9,7
491086,6,11,17,-5
491080,2,4,6,-2
491082,7,2,9,5
491076,13,2,15,11
491081,5,1,6,4
491078,7,3,10,4
491088,6,7,13,-1
491075,2,1,3,1
491083,6,4,10,2
491079,4,9,13,-5
491089,2,13,15,-11
491087,6,4,10,2
491077,10,6,16,4
491084,7,6,13,1
491085,5,7,12,-2
491093,5,12,17,-7
491097,2,6,8,-4
491090,2,5,7,-3
491091,0,1,1,-1
491099,8,3,11,5
491098,3,5,8,-2
491094,6,4,10,2
491096,9,10,19,-1
491095,7,8,15,-1
491092,7,2,9,5
491102,9,5,14,4
491112,11,2,13,9
491100,5,4,9,1
491103,11,4,15,7
491106,3,1,4,2
491114,7,2,9,5
491113,4,13,17,-9
491107,5,0,5,5
491111,4,10,14,-6
491101,2,1,3,1
491104,8,1,9,7
491109,5,6,11,-1
491110,8,10,18,-2
491108,6,7,13,-1
491105,3,1,4,2
491118,5,2,7,3
491125,1,5,6,-4
491127,7,15,22,-8
491115,5,1,6,4
491123,2,5,7,-3
491121,10,2,12,8
491129,7,4,11,3
491128,3,2,5,1
491122,7,8,15,-1
491124,7,5,12,2
491126,4,10,14,-6
491116,1,7,8,-6
491120,0,9,9,-9
491117,3,4,7,-1
491133,3,7,10,-4
491136,8,7,15,1
491144,1,5,6,-4
491143,9,1,10,8
491132,7,1,8,6
491142,5,8,13,-3
491130,5,4,9,1
491137,4,5,9,-1
491134,5,2,7,3
491139,1,2,3,-1
491141,7,3,10,4
491140,5,7,12,-2
491135,7,3,10,4
491138,3,4,7,-1
491131,6,5,11,1
491147,12,0,12,12
491146,7,3,10,4
491155,7,8,15,-1
491153,0,9,9,-9
491151,8,1,9,7
491152,2,3,5,-1
491154,7,6,13,1
491145,2,4,6,-2
491149,4,1,5,3
491150,6,10,16,-4
491148,2,6,8,-4
491160,5,6,11,-1
491168,8,1,9,7
491163,8,3,11,5
491159,5,6,11,-1
491170,12,3,15,9
491167,6,3,9,3
491165,7,3,10,4
491166,0,4,4,-4
491169,1,6,7,-5
491158,7,9,16,-2
491157,8,3,11,5
491156,3,4,7,-1
491162,8,4,12,4
491164,0,12,12,-12
491161,4,5,9,-1
491174,3,8,11,-5
491185,1,2,3,-1
491172,4,6,10,-2
491181,3,2,5,1
491175,5,1,6,4
491183,7,6,13,1
491178,4,8,12,-4
491182,3,5,8,-2
491184,7,5,12,2
491173,2,4,6,-2
491180,3,4,7,-1
491171,16,5,21,11
491177,5,1,6,4
491179,2,8,10,-6
491176,5,7,12,-2
491196,1,5,6,-4
491188,9,0,9,9
491197,4,11,15,-7
491194,2,4,6,-2
491186,10,3,13,7
491191,12,9,21,3
491189,6,3,9,3
491192,10,5,15,5
491187,11,1,12,10
491195,11,12,23,-1
491193,3,6,9,-3
491190,6,9,15,-3
491200,5,6,11,-1
491211,1,2,3,-1
491204,4,9,13,-5
491198,5,15,20,-10
491206,5,0,5,5
491199,0,2,2,-2
491205,4,5,9,-1
491208,3,0,3,3
491210,4,3,7,1
491212,4,5,9,-1
491209,6,1,7,5
491201,1,6,7,-5
491202,0,1,1,-1
491203,3,13,16,-10
491207,11,4,15,7
491226,8,1,9,7
491223,10,2,12,8
491227,2,3,5,-1
491215,3,18,21,-15
491213,8,3,11,5
491221,4,2,6,2
491214,5,3,8,2
491220,1,3,4,-2
491219,6,3,9,3
491222,5,2,7,3
491225,7,3,10,4
491216,0,4,4,-4
491217,3,7,10,-4
491218,5,2,7,3
491224,2,9,11,-7
491228,8,5,13,3
491236,4,0,4,4
491229,2,4,6,-2
491234,4,2,6,2
491230,6,2,8,4
491235,7,0,7,7
491241,7,6,13,1
491238,5,3,8,2
491242,8,2,10,6
491237,8,2,10,6
491231,6,12,18,-6
491233,8,2,10,6
491239,1,2,3,-1
491232,7,5,12,2
491240,4,8,12,-4
491248,1,6,7,-5
490449,2,8,10,-6
491243,5,4,9,1
491249,9,15,24,-6
491246,1,4,5,-3
491247,6,5,11,1
491244,2,9,11,-7
491245,4,0,4,4
491252,1,6,7,-5
491263,4,2,6,2
491251,3,1,4,2
491254,3,5,8,-2
491264,2,1,3,1
491257,2,9,11,-7
491258,3,6,9,-3
491256,6,8,14,-2
491260,6,4,10,2
491259,3,4,7,-1
491262,5,6,11,-1
491255,0,4,4,-4
491261,8,2,10,6
491250,3,0,3,3
491253,3,4,7,-1
491276,5,4,9,1
491268,3,5,8,-2
491267,4,8,12,-4
491278,2,6,8,-4
491266,0,4,4,-4
491269,8,2,10,6
491279,3,5,8,-2
491272,4,1,5,3
491273,8,0,8,8
491271,3,4,7,-1
491275,8,11,19,-3
491274,12,3,15,9
491277,4,3,7,1
491270,2,3,5,-1
491265,4,7,11,-3
491292,1,5,6,-4
491283,3,7,10,-4
491289,1,6,7,-5
491290,10,4,14,6
491282,5,4,9,1
491291,0,4,4,-4
491281,2,0,2,2
491286,3,6,9,-3
491287,6,3,9,3
491285,11,3,14,8
491288,3,4,7,-1
491280,0,6,6,-6
491284,6,2,8,4
491303,13,5,18,8
491305,6,4,10,2
491294,7,4,11,3
491295,0,5,5,-5
491302,1,2,3,-1
491306,7,8,15,-1
491301,13,4,17,9
491299,2,3,5,-1
491307,1,8,9,-7
491300,1,8,9,-7
491297,6,3,9,3
491293,3,1,4,2
491304,10,0,10,10
491298,10,4,14,6
491309,7,1,8,6
491321,10,4,14,6
491318,2,1,3,1
491320,10,3,13,7
491308,4,3,7,1
491310,3,5,8,-2
491317,6,7,13,-1
491314,4,8,12,-4
491322,1,2,3,-1
491316,6,7,13,-1
491319,0,4,4,-4
491312,2,6,8,-4
491313,8,0,8,8
491324,15,1,16,14
491325,6,2,8,4
491326,11,8,19,3
491332,7,1,8,6
491333,5,3,8,2
491335,1,7,8,-6
491336,5,6,11,-1
491331,1,8,9,-7
491329,10,3,13,7
491330,2,6,8,-4
491334,5,3,8,2
491323,4,3,7,1
491327,3,4,7,-1
491328,3,5,8,-2
491337,7,2,9,5
491338,1,8,9,-7
491345,2,3,5,-1
491346,0,4,4,-4
491347,3,6,9,-3
491344,6,14,20,-8
491339,7,5,12,2
491341,3,5,8,-2
491343,5,9,14,-4
491340,7,2,9,5
491342,3,1,4,2
491357,4,11,15,-7
491362,4,1,5,3
491360,3,5,8,-2
491355,4,5,9,-1
491356,5,2,7,3
491361,6,5,11,1
491358,3,0,3,3
491351,6,7,13,-1
491349,2,6,8,-4
491354,7,3,10,4
491359,1,0,1,1
491353,16,4,20,12
491350,11,4,15,7
491352,8,1,9,7
491348,3,4,7,-1
491377,7,6,13,1
491376,3,7,10,-4
491366,4,7,11,-3
491373,5,2,7,3
491374,6,2,8,4
491375,5,4,9,1
491364,0,4,4,-4
491368,10,4,14,6
491365,2,8,10,-6
491370,2,1,3,1
491371,9,6,15,3
491367,3,5,8,-2
491363,0,1,1,-1
491369,9,6,15,3
491388,2,6,8,-4
491384,3,4,7,-1
490741,11,2,13,9
491382,6,3,9,3
491386,6,3,9,3
491379,5,2,7,3
491383,4,7,11,-3
491387,2,11,13,-9
491381,1,4,5,-3
491380,4,6,10,-2
491378,4,5,9,-1
491385,7,4,11,3
491402,1,6,7,-5
491403,4,3,7,1
491389,4,5,9,-1
491399,9,4,13,5
491395,12,2,14,10
491394,2,11,13,-9
491391,8,3,11,5
491397,0,10,10,-10
491390,6,9,15,-3
491400,6,5,11,1
491392,4,12,16,-8
491393,3,6,9,-3
491396,1,4,5,-3
491401,2,7,9,-5
491398,6,1,7,5
491414,3,5,8,-2
491410,2,7,9,-5
491405,5,1,6,4
491418,2,1,3,1
491404,13,0,13,13
491415,1,4,5,-3
491406,0,1,1,-1
491409,0,4,4,-4
491411,4,5,9,-1
491417,4,2,6,2
491412,2,5,7,-3
491407,5,4,9,1
491413,5,4,9,1
491408,7,0,7,7
491416,4,3,7,1
491429,5,3,8,2
491425,19,1,20,18
491432,14,3,17,11
491421,3,5,8,-2
491433,1,7,8,-6
491419,5,10,15,-5
491420,11,5,16,6
491430,0,6,6,-6
491427,3,0,3,3
491422,0,10,10,-10
491428,10,8,18,2
491423,2,1,3,1
491426,2,5,7,-3
491431,0,4,4,-4
491424,5,3,8,2
491436,9,8,17,1
491445,2,5,7,-3
491449,5,0,5,5
491438,2,14,16,-12
491448,7,2,9,5
491439,6,4,10,2
491441,4,5,9,-1
491435,3,4,7,-1
491440,5,10,15,-5
491444,4,2,6,2
491442,6,9,15,-3
491447,5,3,8,2
491437,0,5,5,-5
491446,2,1,3,1
491443,5,4,9,1
491456,4,1,5,3
491463,1,11,12,-10
491451,10,3,13,7
491460,4,0,4,4
491464,10,7,17,3
491453,3,9,12,-6
491455,4,2,6,2
491450,5,8,13,-3
491459,4,3,7,1
491454,7,1,8,6
491457,2,3,5,-1
491462,1,0,1,1
491458,3,5,8,-2
491452,3,5,8,-2
491461,6,3,9,3
491479,14,4,18,10
491468,13,4,17,9
491478,5,6,11,-1
491469,3,2,5,1
491466,8,0,8,8
491475,3,4,7,-1
491465,1,7,8,-6
491470,3,5,8,-2
491474,7,6,13,1
491472,5,2,7,3
491477,3,4,7,-1
491476,3,4,7,-1
491467,3,7,10,-4
491473,1,7,8,-6
491492,6,1,7,5
491490,1,3,4,-2
491483,2,4,6,-2
491488,6,3,9,3
491491,4,3,7,1
491485,5,6,11,-1
491480,4,3,7,1
491487,9,7,16,2
491484,2,4,6,-2
491482,10,2,12,8
491486,6,9,15,-3
491489,3,2,5,1
491481,5,3,8,2
491505,1,12,13,-11
491498,3,4,7,-1
491493,11,2,13,9
491503,5,0,5,5
491506,4,5,9,-1
491500,5,2,7,3
491494,5,1,6,4
491502,2,6,8,-4
491497,1,0,1,1
491499,6,3,9,3
491496,9,3,12,6
491501,7,9,16,-2
491504,4,3,7,1
491507,4,3,7,1
491495,1,2,3,-1
491509,8,2,10,6
491515,10,3,13,7
491514,1,6,7,-5
491517,4,1,5,3
491516,4,18,22,-14
491519,2,7,9,-5
491510,4,5,9,-1
491520,2,10,12,-8
491513,2,3,5,-1
491508,3,4,7,-1
491518,3,7,10,-4
491521,1,5,6,-4
491511,3,4,7,-1
491522,0,7,7,-7
491529,2,3,5,-1
491523,12,2,14,10
491526,2,4,6,-2
491531,8,6,14,2
491530,7,9,16,-2
491525,4,16,20,-12
491524,6,3,9,3
491527,4,1,5,3
491528,5,2,7,3
491543,11,4,15,7
491536,8,7,15,1
491538,1,6,7,-5
491540,5,7,12,-2
491544,4,3,7,1
491545,3,13,16,-10
491537,3,1,4,2
491535,6,3,9,3
491534,6,7,13,-1
491541,13,5,18,8
491546,5,6,11,-1
491533,6,2,8,4
491532,12,3,15,9
491539,5,1,6,4
491542,12,9,21,3
491557,4,5,9,-1
491558,2,3,5,-1
491551,8,4,12,4
491553,9,8,17,1
491555,5,6,11,-1
491559,4,3,7,1
491560,1,2,3,-1
491550,5,6,11,-1
491552,5,4,9,1
491549,2,7,9,-5
491561,4,3,7,1
491556,3,7,10,-4
491548,3,7,10,-4
491547,2,6,8,-4
491554,5,6,11,-1
491570,3,2,5,1
491574,6,5,11,1
491575,1,8,9,-7
491567,3,6,9,-3
491566,7,9,16,-2
491568,3,6,9,-3
491565,9,6,15,3
491564,4,5,9,-1
491571,3,13,16,-10
491563,2,3,5,-1
491572,5,2,7,3
491576,6,2,8,4
491562,4,5,9,-1
491569,6,4,10,2
491573,3,5,8,-2
491580,3,1,4,2
491582,13,4,17,9
491587,2,4,6,-2
490803,2,6,8,-4
491583,5,3,8,2
491578,5,0,5,5
491584,4,0,4,4
491581,2,8,10,-6
491577,2,10,12,-8
491586,5,3,8,2
491579,0,4,4,-4
491585,4,6,10,-2
491588,10,3,13,7
491592,2,7,9,-5
491595,5,0,5,5
491593,2,4,6,-2
491599,8,0,8,8
491602,1,4,5,-3
491597,7,11,18,-4
491596,3,1,4,2
491590,4,5,9,-1
491598,4,10,14,-6
491594,2,3,5,-1
491589,8,3,11,5
491601,6,5,11,1
491591,5,6,11,-1
491600,2,6,8,-4
491603,3,11,14,-8
491605,1,5,6,-4
491608,5,9,14,-4
491606,4,0,4,4
491604,3,10,13,-7
491618,1,2,3,-1
491610,0,9,9,-9
491614,5,8,13,-3
491617,2,3,5,-1
491612,4,10,14,-6
491611,16,2,18,14
491613,22,10,32,12
491607,8,3,11,5
491609,5,10,15,-5
491616,3,6,9,-3
491615,5,6,11,-1
491623,2,15,17,-13
491622,1,2,3,-1
491625,4,8,12,-4
491626,5,6,11,-1
491621,1,4,5,-3
491619,4,0,4,4
491620,6,3,9,3
491624,5,7,12,-2
491628,3,10,13,-7
491641,1,6,7,-5
491636,7,2,9,5
491634,6,5,11,1
491635,4,2,6,2
491631,4,7,11,-3
491629,2,8,10,-6
491632,9,3,12,6
491630,1,2,3,-1
491627,0,1,1,-1
491637,6,3,9,3
491639,2,3,5,-1
491638,7,5,12,2
491640,4,6,10,-2
491656,4,5,9,-1
491651,6,5,11,1
491655,1,2,3,-1
491653,2,3,5,-1
491649,3,5,8,-2
491648,4,2,6,2
491643,3,4,7,-1
491650,8,9,17,-1
491647,5,4,9,1
491646,3,7,10,-4
491645,2,1,3,1
491642,7,1,8,6
491644,4,0,4,4
491654,2,4,6,-2
491652,4,5,9,-1
491671,5,3,8,2
491666,10,11,21,-1
491664,1,13,14,-12
491661,6,4,10,2
491665,5,3,8,2
491658,1,2,3,-1
491662,1,3,4,-2
491660,4,2,6,2
491657,2,3,5,-1
491659,10,6,16,4
491667,5,6,11,-1
491668,1,9,10,-8
491669,7,1,8,6
491670,2,3,5,-1
491672,6,7,13,-1
491675,1,2,3,-1
491674,3,7,10,-4
491673,2,6,8,-4
491680,1,0,1,1
491677,6,4,10,2
491678,7,14,21,-7
491679,6,7,13,-1
491676,5,8,13,-3
491685,2,7,9,-5
491682,9,1,10,8
491684,4,3,7,1
491683,10,12,22,-2
491695,6,7,13,-1
491686,3,2,5,1
491692,2,3,5,-1
491681,4,16,20,-12
491691,8,7,15,1
491693,6,4,10,2
491694,8,4,12,4
491688,4,5,9,-1
491690,10,4,14,6
491689,1,7,8,-6
491687,0,3,3,-3
491699,2,0,2,2
491709,5,1,6,4
491702,5,2,7,3
491700,0,6,6,-6
491697,5,2,7,3
491710,0,7,7,-7
491701,3,5,8,-2
491696,3,0,3,3
491706,1,5,6,-4
491708,3,0,3,3
491707,5,4,9,1
491703,10,5,15,5
491705,0,7,7,-7
491704,6,1,7,5
491721,1,2,3,-1
491711,10,8,18,2
491716,4,5,9,-1
491714,7,5,12,2
491713,0,6,6,-6
491712,5,9,14,-4
491717,1,5,6,-4
491715,7,4,11,3
491722,5,3,8,2
491723,4,1,5,3
491720,4,6,10,-2
491719,4,5,9,-1
491718,2,11,13,-9
491738,4,2,6,2
491735,2,3,5,-1
491726,5,2,7,3
491733,6,10,16,-4
491727,6,0,6,6
491725,2,3,5,-1
491730,2,7,9,-5
491729,2,0,2,2
491728,3,5,8,-2
491737,7,16,23,-9
491736,4,8,12,-4
491734,5,2,7,3
491732,3,4,7,-1
491731,6,8,14,-2
491724,2,1,3,1
491753,4,7,11,-3
491742,7,4,11,3
491744,3,0,3,3
491741,2,5,7,-3
491748,5,2,7,3
491750,4,1,5,3
491752,4,3,7,1
491751,4,1,5,3
491740,1,4,5,-3
491743,2,7,9,-5
491745,2,1,3,1
491747,5,8,13,-3
491739,4,5,9,-1
491746,5,0,5,5
491765,13,4,17,9
491760,8,1,9,7
491759,1,2,3,-1
491756,3,12,15,-9
491763,4,5,9,-1
491755,3,6,9,-3
491758,4,1,5,3
491767,6,7,13,-1
491766,5,6,11,-1
491768,9,4,13,5
491762,3,2,5,1
491761,11,10,21,1
491754,3,6,9,-3
491757,8,0,8,8
491771,0,3,3,-3
491772,2,3,5,-1
491774,3,11,14,-8
491773,4,5,9,-1
491775,11,3,14,8
491769,6,2,8,4
491770,5,3,8,2
491780,3,6,9,-3
491783,7,3,10,4
491785,2,4,6,-2
491779,1,4,5,-3
491787,7,3,10,4
491777,2,0,2,2
491790,4,5,9,-1
491786,5,2,7,3
491781,5,8,13,-3
491784,4,11,15,-7
491789,10,3,13,7
491782,3,6,9,-3
491788,7,6,13,1
491776,2,3,5,-1
491778,3,6,9,-3
491794,3,2,5,1
491805,5,1,6,4
491804,6,3,9,3
491791,1,5,6,-4
491793,1,3,4,-2
491798,1,10,11,-9
491800,11,5,16,6
491802,0,10,10,-10
491803,3,8,11,-5
491792,8,2,10,6
491801,3,2,5,1
491795,1,7,8,-6
491799,4,0,4,4
491796,5,8,13,-3
491797,3,2,5,1
491817,3,10,13,-7
491816,7,5,12,2
491814,10,0,10,10
491812,2,3,5,-1
491815,0,4,4,-4
491807,1,4,5,-3
491809,6,8,14,-2
491808,2,3,5,-1
491813,7,2,9,5
491811,8,6,14,2
491806,7,2,9,5
491810,6,3,9,3
491829,7,6,13,1
491820,4,5,9,-1
491830,4,2,6,2
491823,5,0,5,5
491828,9,4,13,5
491824,3,6,9,-3
491825,4,6,10,-2
491826,3,6,9,-3
491822,11,10,21,1
491818,5,8,13,-3
491821,8,3,11,5
491819,4,5,9,-1
491831,4,3,7,1
491827,6,5,11,1
491845,2,7,9,-5
491835,10,5,15,5
491838,3,0,3,3
491843,11,12,23,-1
491847,1,3,4,-2
491844,1,3,4,-2
491841,5,4,9,1
491839,3,4,7,-1
491837,5,6,11,-1
491833,5,6,11,-1
491840,3,8,11,-5
491836,2,6,8,-4
491834,12,5,17,7
491846,3,6,9,-3
491842,6,3,9,3
491860,1,7,8,-6
491853,4,3,7,1
491858,6,4,10,2
491854,3,5,8,-2
491859,6,2,8,4
491856,14,6,20,8
491852,4,7,11,-3
491848,6,3,9,3
491855,2,1,3,1
491849,3,9,12,-6
491851,7,2,9,5
491861,4,6,10,-2
491857,4,2,6,2
491850,3,2,5,1
491698,7,3,10,4
491869,2,4,6,-2
491872,1,2,3,-1
491871,3,8,11,-5
491865,5,15,20,-10
491866,2,6,8,-4
491863,0,3,3,-3
491867,0,2,2,-2
491868,6,2,8,4
491864,11,3,14,8
491870,4,7,11,-3
491879,9,4,13,5
491881,1,3,4,-2
491882,4,5,9,-1
491887,6,4,10,2
491886,4,10,14,-6
491885,9,4,13,5
491884,1,3,4,-2
491876,2,1,3,1
491878,4,10,14,-6
491877,8,1,9,7
491873,4,3,7,1
491880,8,10,18,-2
491874,1,3,4,-2
491883,4,8,12,-4
491875,1,6,7,-5
491896,3,2,5,1
491900,1,8,9,-7
491899,6,7,13,-1
491895,7,6,13,1
491890,6,7,13,-1
491898,0,3,3,-3
491902,2,3,5,-1
491901,4,5,9,-1
491897,5,3,8,2
491892,6,7,13,-1
491894,6,12,18,-6
491888,5,9,14,-4
491889,2,17,19,-15
491891,4,5,9,-1
491903,4,0,4,4
491906,13,10,23,3
491904,10,4,14,6
491911,3,5,8,-2
491910,11,7,18,4
491908,7,5,12,2
491905,8,9,17,-1
491912,2,1,3,1
491909,4,5,9,-1
491926,4,7,11,-3
491917,7,9,16,-2
491925,11,10,21,1
491918,8,5,13,3
491924,7,1,8,6
491919,3,1,4,2
491921,6,9,15,-3
491915,5,3,8,2
491914,4,3,7,1
491922,1,3,4,-2
491913,3,10,13,-7
491916,10,1,11,9
491920,4,8,12,-4
491927,7,1,8,6
491923,2,10,12,-8
491941,3,4,7,-1
491933,3,0,3,3
491940,4,6,10,-2
491939,7,6,13,1
491932,5,1,6,4
491937,0,3,3,-3
491928,0,5,5,-5
491930,11,8,19,3
491934,1,8,9,-7
491936,4,3,7,1
491931,5,0,5,5
491929,7,17,24,-10
491935,6,3,9,3
491942,1,3,4,-2
491938,12,9,21,3
491948,1,6,7,-5
491954,0,3,3,-3
491949,6,4,10,2
491951,1,5,6,-4
491947,5,4,9,1
491945,1,8,9,-7
491952,3,2,5,1
491943,5,12,17,-7
491946,4,7,11,-3
491956,5,6,11,-1
491944,3,2,5,1
491950,8,4,12,4
491953,5,2,7,3
491957,4,1,5,3
491955,3,6,9,-3
491963,3,7,10,-4
491960,6,5,11,1
491959,4,5,9,-1
491958,3,2,5,1
491964,6,5,11,1
491965,5,3,8,2
491961,0,2,2,-2
491975,6,4,10,2
491970,8,5,13,3
491968,13,9,22,4
491967,9,1,10,8
491966,7,4,11,3
491979,5,6,11,-1
491974,13,4,17,9
491977,0,4,4,-4
491980,4,3,7,1
491973,4,1,5,3
491969,2,3,5,-1
491976,12,4,16,8
491978,1,10,11,-9
491972,4,3,7,1
491990,7,8,15,-1
491987,2,4,6,-2
491985,0,1,1,-1
491986,0,8,8,-8
491983,9,3,12,6
491982,6,1,7,5
491981,2,4,6,-2
491994,7,6,13,1
491989,10,2,12,8
491992,9,6,15,3
491995,1,6,7,-5
491988,3,4,7,-1
491984,4,6,10,-2
491991,2,6,8,-4
491993,7,5,12,2
491996,3,2,5,1
492001,9,8,17,1
492006,0,2,2,-2
492003,6,10,16,-4
491999,3,2,5,1
492000,5,2,7,3
491998,2,4,6,-2
491997,6,13,19,-7
492004,4,3,7,1
492007,5,4,9,1
492002,1,5,6,-4
492005,3,0,3,3
492016,4,2,6,2
492009,1,7,8,-6
492020,2,1,3,1
492015,6,1,7,5
492008,16,3,19,13
492013,0,4,4,-4
492017,5,9,14,-4
492018,6,8,14,-2
492010,2,5,7,-3
492011,2,3,5,-1
492021,7,3,10,4
492019,3,4,7,-1
492022,1,3,4,-2
492012,2,1,3,1
492014,1,3,4,-2
492035,3,6,9,-3
492030,9,10,19,-1
492023,7,0,7,7
492031,4,9,13,-5
492037,3,8,11,-5
492032,1,0,1,1
492024,17,2,19,15
492025,7,6,13,1
492026,6,3,9,3
492033,1,2,3,-1
492028,0,4,4,-4
492036,4,6,10,-2
492034,1,2,3,-1
492027,6,7,13,-1
492029,3,0,3,3
492050,1,10,11,-9
492045,7,2,9,5
492043,0,12,12,-12
492047,5,2,7,3
492048,2,6,8,-4
492038,2,1,3,1
492039,3,6,9,-3
492040,3,0,3,3
492041,1,7,8,-6
492051,3,2,5,1
492042,7,5,12,2
492052,3,8,11,-5
492049,0,11,11,-11
492044,3,2,5,1
492061,6,7,13,-1
492053,1,6,7,-5
492057,2,11,13,-9
492055,6,2,8,4
492054,6,5,11,1
492059,1,6,7,-5
492062,12,0,12,12
492056,4,3,7,1
492058,1,3,4,-2
492060,3,0,3,3
492074,0,4,4,-4
492069,3,8,11,-5
492064,3,0,3,3
492070,4,14,18,-10
492077,12,2,14,10
492075,10,2,12,8
492072,1,4,5,-3
492065,4,6,10,-2
492076,2,6,8,-4
492067,3,7,10,-4
492068,6,7,13,-1
492071,2,8,10,-6
492073,3,6,9,-3
492090,5,6,11,-1
492089,7,8,15,-1
492082,6,2,8,4
492084,0,4,4,-4
492079,7,1,8,6
492085,2,0,2,2
492092,8,1,9,7
492087,3,17,20,-14
492080,1,11,12,-10
492091,5,3,8,2
492088,0,5,5,-5
492083,4,6,10,-2
492086,8,10,18,-2
492097,2,7,9,-5
492100,1,5,6,-4
492095,4,5,9,-1
492096,1,8,9,-7
492101,11,8,19,3
492094,2,6,8,-4
492098,3,2,5,1
492093,2,6,8,-4
492102,3,6,9,-3
492099,5,2,7,3
492104,0,2,2,-2
492106,7,3,10,4
492116,0,1,1,-1
492105,4,1,5,3
492113,2,1,3,1
492109,9,10,19,-1
492108,7,6,13,1
492115,3,1,4,2
492117,0,1,1,-1
492103,9,5,14,4
492110,1,0,1,1
492112,2,3,5,-1
492114,11,6,17,5
492120,1,5,6,-4
492119,12,14,26,-2
492129,1,2,3,-1
492122,5,2,7,3
492121,0,5,5,-5
492131,7,2,9,5
492123,0,17,17,-17
492130,4,5,9,-1
492128,9,10,19,-1
492132,3,2,5,1
492124,7,4,11,3
492118,6,2,8,4
492127,6,7,13,-1
492137,11,1,12,10
492143,3,1,4,2
492136,1,3,4,-2
492146,4,5,9,-1
492141,6,8,14,-2
492138,5,4,9,1
492145,2,6,8,-4
492147,2,7,9,-5
492134,5,1,6,4
492139,6,7,13,-1
492133,5,1,6,4
492144,7,3,10,4
492142,2,10,12,-8
492140,4,6,10,-2
492135,2,9,11,-7
492152,7,6,13,1
492157,7,11,18,-4
492154,4,5,9,-1
492156,7,4,11,3
492150,5,3,8,2
492158,3,4,7,-1
492153,11,9,20,2
492149,0,12,12,-12
492159,2,0,2,2
492151,6,2,8,4
492161,10,4,14,6
492155,4,11,15,-7
492162,7,2,9,5
492160,8,2,10,6
492148,13,0,13,13
492164,3,4,7,-1
492171,6,7,13,-1
492167,2,13,15,-11
492176,2,3,5,-1
492170,1,2,3,-1
492172,9,1,10,8
492177,2,1,3,1
492169,3,9,12,-6
492165,9,4,13,5
492173,6,9,15,-3
492168,8,7,15,1
492163,3,1,4,2
492166,3,1,4,2
492174,8,4,12,4
492184,1,7,8,-6
492185,10,6,16,4
492183,1,3,4,-2
492179,1,0,1,1
492182,13,2,15,11
492191,1,6,7,-5
492192,8,1,9,7
492180,5,1,6,4
492188,11,3,14,8
492178,3,1,4,2
492181,5,3,8,2
492189,3,1,4,2
492186,9,1,10,8
492193,8,2,10,6
492199,3,4,7,-1
492194,2,7,9,-5
492197,5,6,11,-1
492195,11,2,13,9
492198,4,2,6,2
492200,0,3,3,-3
492196,9,1,10,8
492211,10,11,21,-1
492204,5,4,9,1
492201,0,5,5,-5
492202,1,5,6,-4
492215,3,9,12,-6
492207,7,1,8,6
492210,5,11,16,-6
492208,2,0,2,2
492214,9,2,11,7
492212,1,4,5,-3
492209,8,5,13,3
492213,10,6,16,4
492205,8,9,17,-1
492203,5,4,9,1
492206,3,4,7,-1
492216,2,4,6,-2
492225,3,1,4,2
492223,15,2,17,13
492219,4,5,9,-1
492226,5,4,9,1
492217,1,6,7,-5
492230,0,9,9,-9
492229,1,13,14,-12
492222,5,6,11,-1
492227,3,4,7,-1
492224,2,5,7,-3
492228,8,7,15,1
492218,6,5,11,1
492221,1,8,9,-7
492234,2,8,10,-6
492232,10,5,15,5
492245,4,1,5,3
492241,2,3,5,-1
492237,8,10,18,-2
492244,1,8,9,-7
492242,0,7,7,-7
492239,3,11,14,-8
492238,3,1,4,2
492240,16,7,23,9
492235,2,10,12,-8
492233,8,1,9,7
492243,2,3,5,-1
492236,5,3,8,2
492231,2,3,5,-1
492246,3,4,7,-1
492249,0,11,11,-11
492251,5,1,6,4
492252,7,0,7,7
492253,3,5,8,-2
492247,11,3,14,8
492248,5,4,9,1
492250,6,8,14,-2
492256,3,4,7,-1
492254,8,0,8,8
492262,8,9,17,-1
492255,2,3,5,-1
492259,0,2,2,-2
492265,1,11,12,-10
492264,1,2,3,-1
492266,2,5,7,-3
492263,3,8,11,-5
492268,10,3,13,7
492267,0,16,16,-16
492257,4,13,17,-9
492258,4,2,6,2
492260,1,0,1,1
492261,5,3,8,2
492274,3,5,8,-2
492279,3,2,5,1
492271,5,3,8,2
492269,8,2,10,6
492277,1,8,9,-7
492270,2,1,3,1
492280,7,3,10,4
492278,5,17,22,-12
492283,8,1,9,7
492282,1,3,4,-2
492281,2,8,10,-6
492272,6,0,6,6
492273,2,8,10,-6
492275,1,9,10,-8
492276,4,1,5,3
492286,17,7,24,10
492293,2,6,8,-4
492287,2,5,7,-3
492288,0,7,7,-7
492284,2,5,7,-3
492291,0,10,10,-10
492285,5,13,18,-8
492290,2,3,5,-1
492292,6,14,20,-8
492294,10,4,14,6
492295,2,3,5,-1
492289,5,2,7,3
492308,2,8,10,-6
492301,7,0,7,7
492304,4,0,4,4
492297,2,8,10,-6
492300,4,3,7,1
492305,2,4,6,-2
492298,13,6,19,7
492299,2,3,5,-1
492303,2,3,5,-1
492307,2,5,7,-3
492310,4,3,7,1
492302,10,2,12,8
492306,1,6,7,-5
492309,6,7,13,-1
492296,3,2,5,1
492316,3,2,5,1
492322,6,8,14,-2
492323,1,4,5,-3
492312,3,9,12,-6
492315,4,8,12,-4
492320,1,2,3,-1
492313,3,1,4,2
492314,10,4,14,6
492319,3,5,8,-2
492325,7,2,9,5
492318,7,3,10,4
492317,4,7,11,-3
492321,0,16,16,-16
492311,2,0,2,2
492324,0,2,2,-2
492327,6,4,10,2
492330,2,3,5,-1
492335,2,5,7,-3
492328,2,3,5,-1
492329,0,12,12,-12
492334,6,3,9,3
492333,5,1,6,4
492337,1,7,8,-6
492340,7,13,20,-6
492332,10,3,13,7
492338,3,4,7,-1
492336,4,3,7,1
492339,4,2,6,2
492326,2,7,9,-5
492331,1,7,8,-6
492342,10,8,18,2
492343,3,4,7,-1
492345,1,2,3,-1
492344,3,0,3,3
492347,8,3,11,5
492346,1,13,14,-12
492341,2,4,6,-2
492349,1,0,1,1
492355,2,6,8,-4
492357,2,5,7,-3
492356,1,0,1,1
492354,2,5,7,-3
492359,9,8,17,1
492360,8,7,15,1
492350,2,1,3,1
492358,4,5,9,-1
492362,4,2,6,2
492351,1,3,4,-2
492352,6,3,9,3
492348,2,6,8,-4
492361,3,1,4,2
492353,3,4,7,-1
492372,3,11,14,-8
492374,3,2,5,1
492373,2,9,11,-7
492368,0,4,4,-4
492364,9,0,9,9
492370,5,7,12,-2
492371,4,6,10,-2
492369,15,5,20,10
492375,9,2,11,7
492365,1,8,9,-7
492377,7,3,10,4
492366,3,4,7,-1
492363,13,7,20,6
492367,6,5,11,1
492376,8,6,14,2
492383,5,4,9,1
492380,4,1,5,3
492386,1,3,4,-2
492382,1,0,1,1
492385,8,5,13,3
492384,12,1,13,11
492388,2,3,5,-1
492379,3,1,4,2
492378,5,3,8,2
492381,0,3,3,-3
492387,4,2,6,2
492400,4,3,7,1
492401,8,3,11,5
492397,1,8,9,-7
492389,5,4,9,1
492403,6,7,13,-1
492396,7,3,10,4
492398,2,7,9,-5
492390,5,4,9,1
492394,0,3,3,-3
492393,6,7,13,-1
492395,11,13,24,-2
492402,1,4,5,-3
492392,4,1,5,3
492391,1,3,4,-2
492399,2,4,6,-2
492409,2,6,8,-4
492405,3,4,7,-1
492412,5,1,6,4
492404,5,0,5,5
492406,11,4,15,7
492411,10,4,14,6
492415,6,11,17,-5
492416,9,6,15,3
492418,4,3,7,1
492413,2,4,6,-2
492408,8,2,10,6
492410,12,6,18,6
492407,0,5,5,-5
492417,0,1,1,-1
492414,2,1,3,1
492426,10,4,14,6
492427,5,9,14,-4
492419,5,4,9,1
492433,3,2,5,1
492430,1,4,5,-3
492431,4,9,13,-5
492428,2,0,2,2
492423,1,8,9,-7
492420,5,0,5,5
492432,1,8,9,-7
492421,4,2,6,2
492429,1,3,4,-2
492425,2,3,5,-1
492422,8,4,12,4
492424,7,5,12,2
490806,3,11,14,-8
492443,3,1,4,2
492442,6,4,10,2
492436,11,2,13,9
492437,2,4,6,-2
492435,10,2,12,8
492438,5,4,9,1
492440,9,2,11,7
492441,7,1,8,6
492439,3,9,12,-6
492445,1,10,11,-9
492458,1,4,5,-3
492456,1,6,7,-5
492457,9,4,13,5
492452,8,6,14,2
492444,3,4,7,-1
492447,6,7,13,-1
492449,14,3,17,11
492450,9,3,12,6
492448,1,2,3,-1
492446,7,8,15,-1
492451,0,6,6,-6
492454,4,11,15,-7
492455,6,3,9,3
492453,2,9,11,-7
492464,12,2,14,10
492466,9,15,24,-6
492470,5,6,11,-1
492469,3,4,7,-1
492460,3,5,8,-2
492473,5,7,12,-2
492471,1,6,7,-5
492461,5,1,6,4
492472,7,10,17,-3
492467,2,4,6,-2
492459,1,7,8,-6
492465,4,6,10,-2
492462,6,0,6,6
492463,4,7,11,-3
492468,0,10,10,-10
492480,2,5,7,-3
492476,3,4,7,-1
492482,4,5,9,-1
492483,9,6,15,3
492478,12,2,14,10
492474,1,7,8,-6
492475,2,1,3,1
492481,4,1,5,3
492479,4,5,9,-1
492477,4,1,5,3
492498,0,4,4,-4
492488,4,5,9,-1
492495,1,6,7,-5
492493,2,6,8,-4
492490,3,2,5,1
492486,0,7,7,-7
492487,1,10,11,-9
492485,5,6,11,-1
492494,3,5,8,-2
492491,1,9,10,-8
492489,3,6,9,-3
492484,1,2,3,-1
492492,5,3,8,2
492497,5,6,11,-1
492496,0,8,8,-8
492505,3,6,9,-3
492513,1,2,3,-1
492503,0,9,9,-9
492511,3,2,5,1
492507,6,7,13,-1
492501,3,4,7,-1
492510,4,1,5,3
492508,7,4,11,3
492504,3,2,5,1
492502,2,1,3,1
492500,2,10,12,-8
492499,3,4,7,-1
492509,4,8,12,-4
492506,5,3,8,2
492512,6,4,10,2
492520,4,3,7,1
492525,11,8,19,3
492526,4,5,9,-1
492524,5,2,7,3
492523,0,11,11,-11
492528,2,1,3,1
492527,2,6,8,-4
492521,6,3,9,3
492516,0,6,6,-6
492519,1,5,6,-4
492517,1,3,4,-2
492515,8,5,13,3
492514,14,2,16,12
492522,6,1,7,5
492518,3,1,4,2
529407,8,4,12,4
529419,4,9,13,-5
529414,2,3,5,-1
529411,4,1,5,3
529415,6,1,7,5
529406,4,6,10,-2
529412,5,6,11,-1
529416,5,8,13,-3
529413,2,1,3,1
529408,14,7,21,7
529418,1,0,1,1
529410,2,8,10,-6
529409,1,2,3,-1
529417,13,10,23,3
529420,2,0,2,2
529427,4,2,6,2
529421,1,0,1,1
529422,1,2,3,-1
529428,5,4,9,1
529424,1,5,6,-4
529423,8,9,17,-1
529425,2,1,3,1
529429,1,0,1,1
529426,8,6,14,2
529443,2,6,8,-4
529444,13,7,20,6
529436,8,3,11,5
529435,9,3,12,6
529439,3,5,8,-2
529433,6,5,11,1
529430,3,2,5,1
529438,6,2,8,4
529440,2,15,17,-13
529431,10,6,16,4
529432,4,3,7,1
529434,2,1,3,1
529437,7,3,10,4
529442,0,5,5,-5
529451,7,0,7,7
529452,4,7,11,-3
529455,5,1,6,4
529445,2,1,3,1
529446,0,6,6,-6
529449,8,2,10,6
529450,7,4,11,3
529456,6,5,11,1
529448,4,5,9,-1
529454,0,9,9,-9
529465,4,5,9,-1
529463,1,6,7,-5
529467,8,4,12,4
529459,0,1,1,-1
529460,2,4,6,-2
529457,1,6,7,-5
529458,7,3,10,4
529470,8,1,9,7
529464,7,8,15,-1
529469,1,3,4,-2
529461,6,0,6,6
529462,7,4,11,3
529477,1,0,1,1
529468,4,11,15,-7
529480,6,4,10,2
529472,4,2,6,2
529474,5,14,19,-9
529479,0,2,2,-2
529483,6,13,19,-7
529481,4,5,9,-1
529471,6,10,16,-4
529478,1,6,7,-5
529482,4,1,5,3
529475,2,13,15,-11
529476,4,8,12,-4
529496,1,7,8,-6
529494,2,7,9,-5
529491,2,4,6,-2
529484,2,3,5,-1
529489,0,3,3,-3
529486,2,3,5,-1
529490,7,3,10,4
529485,4,3,7,1
529492,1,10,11,-9
529493,6,0,6,6
529495,2,6,8,-4
529487,5,2,7,3
529504,8,2,10,6
529506,2,3,5,-1
529503,0,5,5,-5
529507,6,3,9,3
529501,3,1,4,2
529505,2,4,6,-2
529502,9,7,16,2
529498,5,2,7,3
529500,2,5,7,-3
529497,3,1,4,2
529499,8,0,8,8
529512,2,3,5,-1
529508,8,3,11,5
529511,3,14,17,-11
529509,7,3,10,4
529516,8,5,13,3
529515,4,1,5,3
529510,4,5,9,-1
529514,9,13,22,-4
529526,3,2,5,1
529530,3,10,13,-7
529519,3,8,11,-5
529529,11,4,15,7
529522,6,1,7,5
529517,3,5,8,-2
529520,5,2,7,3
529523,1,0,1,1
529524,5,7,12,-2
529525,1,20,21,-19
529521,7,4,11,3
529528,0,1,1,-1
529531,1,5,6,-4
529518,2,3,5,-1
529527,7,3,10,4
529545,7,8,15,-1
529534,8,7,15,1
529538,1,3,4,-2
529536,0,5,5,-5
529540,6,3,9,3
529543,1,4,5,-3
529537,1,0,1,1
529535,3,0,3,3
529532,4,1,5,3
529546,7,4,11,3
529533,4,0,4,4
529539,2,1,3,1
529542,1,6,7,-5
529541,6,5,11,1
529558,5,4,9,1
529550,0,2,2,-2
529559,7,1,8,6
529549,5,6,11,-1
529548,0,2,2,-2
529553,5,4,9,1
529554,4,2,6,2
529552,8,3,11,5
529551,2,0,2,2
529557,0,10,10,-10
529556,7,6,13,1
529547,2,1,3,1
529572,6,5,11,1
529555,8,5,13,3
529563,1,2,3,-1
529573,2,1,3,1
529562,1,6,7,-5
529561,1,4,5,-3
529567,8,6,14,2
529568,1,14,15,-13
529565,11,1,12,10
529564,1,4,5,-3
529571,8,3,11,5
529566,3,5,8,-2
529570,5,2,7,3
529569,0,4,4,-4
529560,4,5,9,-1
529575,5,3,8,2
529578,8,9,17,-1
529580,3,2,5,1
529587,1,2,3,-1
529586,4,2,6,2
529585,4,6,10,-2
529574,7,3,10,4
529577,1,5,6,-4
529588,3,5,8,-2
529576,3,4,7,-1
529581,4,1,5,3
529582,10,7,17,3
529584,5,13,18,-8
529579,7,2,9,5
529583,16,6,22,10
529594,6,1,7,5
529591,3,9,12,-6
529596,13,4,17,9
529590,5,1,6,4
529593,3,6,9,-3
529589,0,4,4,-4
529592,7,1,8,6
529595,7,0,7,7
529598,4,0,4,4
529609,5,3,8,2
529601,2,1,3,1
529599,3,7,10,-4
529611,8,4,12,4
529606,2,1,3,1
529607,2,7,9,-5
529604,8,6,14,2
529603,5,6,11,-1
529610,2,3,5,-1
529602,5,4,9,1
529597,8,7,15,1
529605,4,7,11,-3
529608,1,5,6,-4
529614,3,10,13,-7
529616,2,6,8,-4
529624,6,1,7,5
529613,10,14,24,-4
529625,6,5,11,1
529621,9,4,13,5
529622,1,0,1,1
529618,5,1,6,4
529617,5,3,8,2
529623,4,5,9,-1
529612,9,1,10,8
529620,8,10,18,-2
529629,1,3,4,-2
529639,3,2,5,1
529636,10,4,14,6
529637,7,3,10,4
529633,2,3,5,-1
529631,6,5,11,1
529627,2,7,9,-5
529635,2,1,3,1
529638,1,10,11,-9
529640,3,1,4,2
529649,1,12,13,-11
529645,6,2,8,4
529653,8,6,14,2
529652,4,8,12,-4
529650,1,2,3,-1
529644,10,4,14,6
529643,1,8,9,-7
529648,10,3,13,7
529646,1,2,3,-1
529663,9,1,10,8
529654,2,4,6,-2
529659,2,0,2,2
529668,5,2,7,3
529667,7,2,9,5
529658,6,1,7,5
529664,5,1,6,4
529657,0,2,2,-2
529666,5,3,8,2
529665,0,1,1,-1
529656,2,10,12,-8
529655,10,1,11,9
529662,7,3,10,4
529660,4,1,5,3
529674,2,10,12,-8
529669,5,6,11,-1
529681,2,4,6,-2
529672,0,2,2,-2
529671,11,12,23,-1
529676,5,15,20,-10
529682,5,11,16,-6
529673,1,2,3,-1
529678,3,7,10,-4
529679,4,3,7,1
529670,9,0,9,9
529677,13,4,17,9
529675,7,1,8,6
529683,8,13,21,-5
529680,5,8,13,-3
529685,9,2,11,7
529690,3,4,7,-1
529688,0,7,7,-7
529687,4,12,16,-8
529686,3,12,15,-9
529689,1,3,4,-2
529684,8,2,10,6
529694,1,3,4,-2
529700,1,2,3,-1
529704,8,5,13,3
529698,7,8,15,-1
529699,5,3,8,2
529703,6,2,8,4
529695,10,0,10,10
529697,0,8,8,-8
529693,2,4,6,-2
529692,16,5,21,11
529701,4,1,5,3
529691,7,3,10,4
529702,8,1,9,7
529705,5,2,7,3
529719,1,9,10,-8
529711,4,12,16,-8
529708,3,4,7,-1
529709,4,0,4,4
529715,2,6,8,-4
529713,1,10,11,-9
529714,3,4,7,-1
529710,10,1,11,9
529712,5,6,11,-1
529718,9,7,16,2
529707,2,5,7,-3
529716,2,6,8,-4
529706,0,3,3,-3
529717,3,4,7,-1
529720,0,4,4,-4
529724,7,3,10,4
529734,1,5,6,-4
529726,8,5,13,3
529728,6,8,14,-2
529730,2,3,5,-1
529725,7,1,8,6
529727,2,4,6,-2
529723,2,9,11,-7
529733,4,7,11,-3
529722,9,7,16,2
529721,1,4,5,-3
529732,4,2,6,2
529731,2,4,6,-2
529735,3,4,7,-1
529736,4,10,14,-6
529737,2,1,3,1
529740,1,14,15,-13
529741,9,4,13,5
529738,2,0,2,2
529743,4,10,14,-6
529742,13,5,18,8
529739,1,2,3,-1
529744,2,4,6,-2
529757,1,0,1,1
529748,10,3,13,7
529753,3,8,11,-5
529746,7,9,16,-2
529745,8,4,12,4
529747,3,4,7,-1
529755,3,2,5,1
529750,8,7,15,1
529754,6,5,11,1
529752,5,2,7,3
529756,0,8,8,-8
529751,3,2,5,1
529759,3,4,7,-1
529765,2,5,7,-3
529772,4,3,7,1
529771,2,5,7,-3
529774,15,2,17,13
529768,4,7,11,-3
529761,5,4,9,1
529773,8,4,12,4
529760,3,5,8,-2
529762,4,3,7,1
529763,1,4,5,-3
529766,8,6,14,2
529770,2,4,6,-2
529769,1,9,10,-8
529767,6,2,8,4
529779,0,1,1,-1
529776,7,4,11,3
529775,8,2,10,6
529781,3,4,7,-1
529782,3,4,7,-1
529783,5,4,9,1
529784,9,5,14,4
529777,5,4,9,1
529780,0,1,1,-1
529778,6,3,9,3
529792,2,3,5,-1
529790,0,6,6,-6
529785,5,4,9,1
529797,5,6,11,-1
529786,3,7,10,-4
529799,6,4,10,2
529796,5,6,11,-1
529798,4,3,7,1
529789,1,0,1,1
529795,8,1,9,7
529788,15,9,24,6
529787,7,4,11,3
529794,4,3,7,1
529793,5,1,6,4
529791,4,6,10,-2
529803,1,3,4,-2
529807,0,3,3,-3
529800,4,3,7,1
529813,12,6,18,6
529814,7,4,11,3
529811,12,4,16,8
529801,4,1,5,3
529805,9,5,14,4
529812,2,6,8,-4
529810,0,11,11,-11
529804,1,4,5,-3
529808,2,12,14,-10
529809,11,1,12,10
529820,3,5,8,-2
529828,3,4,7,-1
529829,2,7,9,-5
529826,10,4,14,6
529819,0,3,3,-3
529815,1,3,4,-2
529827,0,5,5,-5
529816,10,1,11,9
529825,4,8,12,-4
529818,8,2,10,6
529817,4,5,9,-1
529822,0,2,2,-2
529823,14,2,16,12
529821,2,4,6,-2
529824,2,1,3,1
529839,5,7,12,-2
529830,2,3,5,-1
529836,2,3,5,-1
529831,6,10,16,-4
529838,3,2,5,1
529835,4,8,12,-4
529833,6,5,11,1
529840,7,5,12,2
529834,1,2,3,-1
529832,5,8,13,-3
529837,5,6,11,-1
529854,8,6,14,2
529851,4,12,16,-8
529845,7,6,13,1
529853,1,2,3,-1
529841,3,2,5,1
529850,1,2,3,-1
529847,7,6,13,1
529844,3,1,4,2
529855,7,4,11,3
529848,4,0,4,4
529843,2,3,5,-1
529846,3,4,7,-1
529842,2,3,5,-1
529849,3,6,9,-3
529852,3,2,5,1
529860,4,5,9,-1
529868,2,3,5,-1
529869,4,12,16,-8
529870,0,4,4,-4
529858,2,3,5,-1
529859,11,2,13,9
529867,4,9,13,-5
529866,3,9,12,-6
529856,7,0,7,7
529865,6,0,6,6
529862,3,1,4,2
529863,4,0,4,4
529861,2,1,3,1
529857,7,10,17,-3
529864,3,2,5,1
529879,1,3,4,-2
529871,11,0,11,11
529877,6,5,11,1
529874,6,10,16,-4
529875,5,2,7,3
529873,5,11,16,-6
529876,5,6,11,-1
529872,3,12,15,-9
529878,1,4,5,-3
529891,3,7,10,-4
529883,6,7,13,-1
529884,8,7,15,1
529894,2,6,8,-4
529889,1,4,5,-3
529893,9,4,13,5
529881,5,1,6,4
529890,6,4,10,2
529892,6,4,10,2
529885,2,4,6,-2
529882,2,3,5,-1
529888,4,0,4,4
529886,8,0,8,8
529880,4,6,10,-2
529887,5,0,5,5
529898,2,5,7,-3
529897,6,8,14,-2
529907,3,1,4,2
529900,3,2,5,1
529910,3,5,8,-2
529899,2,0,2,2
529903,4,7,11,-3
529909,11,2,13,9
529905,8,4,12,4
529904,6,0,6,6
529908,3,5,8,-2
529896,6,5,11,1
529901,3,4,7,-1
529895,0,2,2,-2
529902,8,9,17,-1
529914,4,7,11,-3
529915,3,2,5,1
529925,2,1,3,1
529922,4,5,9,-1
529924,4,3,7,1
529921,5,3,8,2
529923,9,0,9,9
529916,2,4,6,-2
529912,6,1,7,5
529911,1,2,3,-1
529917,1,3,4,-2
529919,0,3,3,-3
529918,8,2,10,6
529920,8,5,13,3
529913,3,4,7,-1
529931,0,11,11,-11
529930,7,6,13,1
529926,6,7,13,-1
529928,2,14,16,-12
529929,6,0,6,6
529927,16,2,18,14
529932,8,5,13,3
529942,7,1,8,6
529939,15,7,22,8
529945,2,4,6,-2
529935,2,3,5,-1
529946,5,0,5,5
529943,2,7,9,-5
529934,1,0,1,1
529936,2,3,5,-1
529937,7,4,11,3
529941,3,4,7,-1
529944,10,6,16,4
529940,2,4,6,-2
529938,4,2,6,2
529933,8,5,13,3
529947,4,0,4,4
529957,1,2,3,-1
529951,6,2,8,4
529952,4,5,9,-1
529958,6,5,11,1
529956,4,13,17,-9
529955,8,0,8,8
529953,4,1,5,3
529954,3,5,8,-2
529959,3,11,14,-8
529950,6,9,15,-3
529960,2,5,7,-3
529949,5,2,7,3
529961,1,2,3,-1
529948,3,6,9,-3
529968,3,6,9,-3
529965,6,11,17,-5
529963,5,4,9,1
529969,9,3,12,6
529962,9,2,11,7
529966,5,2,7,3
529971,2,1,3,1
529967,4,7,11,-3
529964,4,1,5,3
529970,2,1,3,1
529974,2,11,13,-9
529981,2,11,13,-9
529984,4,9,13,-5
529979,3,1,4,2
529980,10,5,15,5
529973,3,5,8,-2
529976,10,9,19,1
529972,3,6,9,-3
529985,1,0,1,1
529977,11,10,21,1
529986,3,1,4,2
529978,5,4,9,1
529975,6,2,8,4
529983,9,5,14,4
529995,6,7,13,-1
529989,4,8,12,-4
530001,2,1,3,1
529988,5,2,7,3
529991,2,6,8,-4
529996,5,6,11,-1
530000,1,6,7,-5
529987,10,5,15,5
529992,0,4,4,-4
529998,1,2,3,-1
529993,5,3,8,2
529990,5,3,8,2
530014,1,17,18,-16
530010,2,6,8,-4
530003,5,3,8,2
530006,2,11,13,-9
530012,4,5,9,-1
530002,4,3,7,1
530011,5,0,5,5
530009,2,4,6,-2
530015,1,6,7,-5
530004,5,3,8,2
530007,7,3,10,4
530008,1,2,3,-1
530005,5,3,8,2
530013,3,5,8,-2
530016,6,4,10,2
529628,6,5,11,1
530023,2,1,3,1
530018,3,6,9,-3
530022,6,5,11,1
529544,1,0,1,1
530021,7,2,9,5
530020,1,2,3,-1
530019,6,4,10,2
530017,7,10,17,-3
530028,0,4,4,-4
530025,0,7,7,-7
530027,8,9,17,-1
530033,5,3,8,2
530038,2,12,14,-10
530030,2,4,6,-2
530024,3,2,5,1
530035,1,4,5,-3
530036,6,5,11,1
530031,1,2,3,-1
530029,5,3,8,2
530037,8,9,17,-1
530026,3,5,8,-2
530048,4,1,5,3
530040,2,3,5,-1
530042,6,0,6,6
530052,12,1,13,11
530049,7,5,12,2
530050,5,3,8,2
530051,5,1,6,4
530045,8,2,10,6
530041,6,3,9,3
530047,4,6,10,-2
530044,5,6,11,-1
530039,1,4,5,-3
530043,2,0,2,2
530056,7,0,7,7
530059,4,5,9,-1
530057,10,5,15,5
529642,2,6,8,-4
530058,6,2,8,4
530061,2,4,6,-2
530060,7,1,8,6
530055,3,2,5,1
530054,5,3,8,2
530074,3,2,5,1
530072,3,1,4,2
530063,7,4,11,3
530064,8,1,9,7
530062,1,3,4,-2
530069,2,0,2,2
530065,1,4,5,-3
530076,12,5,17,7
530070,8,3,11,5
530073,4,12,16,-8
530071,2,5,7,-3
530075,8,3,11,5
530067,4,5,9,-1
530066,6,1,7,5
530087,5,4,9,1
530088,7,6,13,1
530081,4,9,13,-5
530080,5,4,9,1
530089,6,2,8,4
530078,3,6,9,-3
530077,4,5,9,-1
530091,3,5,8,-2
530084,1,8,9,-7
530085,5,4,9,1
530086,8,3,11,5
530090,5,3,8,2
530082,2,7,9,-5
530093,0,5,5,-5
530102,9,2,11,7
530094,6,1,7,5
530092,1,4,5,-3
530098,7,2,9,5
530104,8,5,13,3
530099,9,10,19,-1
530106,0,3,3,-3
530100,1,3,4,-2
530103,1,5,6,-4
530101,10,1,11,9
530096,5,9,14,-4
530105,2,5,7,-3
530097,2,3,5,-1
530095,1,3,4,-2
530115,2,10,12,-8
530108,0,3,3,-3
530113,0,2,2,-2
530107,2,4,6,-2
530114,10,5,15,5
530111,2,4,6,-2
530109,3,2,5,1
530112,0,6,6,-6
530110,2,1,3,1
530120,10,1,11,9
530128,1,2,3,-1
530117,3,1,4,2
530124,3,5,8,-2
530127,2,7,9,-5
530119,4,2,6,2
530125,5,1,6,4
530116,0,1,1,-1
530126,4,6,10,-2
530129,2,11,13,-9
530122,0,6,6,-6
530118,2,3,5,-1
530123,5,1,6,4
530130,3,2,5,1
530121,3,5,8,-2
530137,4,1,5,3
530131,2,9,11,-7
530138,5,2,7,3
530144,1,4,5,-3
530143,3,1,4,2
530132,0,4,4,-4
530141,10,12,22,-2
530139,5,4,9,1
530142,5,4,9,1
530134,4,1,5,3
530140,2,1,3,1
530135,1,0,1,1
530133,1,11,12,-10
530145,1,0,1,1
530136,0,3,3,-3
530152,4,5,9,-1
530150,8,1,9,7
530146,9,3,12,6
530153,3,4,7,-1
530148,8,2,10,6
530147,3,6,9,-3
530149,8,2,10,6
530151,5,0,5,5
530165,2,6,8,-4
530166,1,8,9,-7
530167,6,5,11,1
530161,1,2,3,-1
530159,11,2,13,9
530156,2,0,2,2
530155,2,6,8,-4
530157,4,5,9,-1
530168,9,5,14,4
530160,4,8,12,-4
530163,3,4,7,-1
530158,4,5,9,-1
530154,7,1,8,6
530164,1,4,5,-3
530162,1,2,3,-1
530170,6,8,14,-2
530169,0,3,3,-3
530181,4,1,5,3
530175,3,4,7,-1
530182,1,2,3,-1
530171,1,5,6,-4
530172,8,4,12,4
530183,4,1,5,3
530178,6,17,23,-11
530174,6,8,14,-2
530180,5,4,9,1
530176,11,4,15,7
530173,6,5,11,1
530179,7,5,12,2
530177,3,4,7,-1
530185,7,1,8,6
530191,1,3,4,-2
530189,9,10,19,-1
530186,3,8,11,-5
530187,2,3,5,-1
530198,5,2,7,3
530196,6,4,10,2
530197,5,3,8,2
530193,7,8,15,-1
530190,5,3,8,2
530188,2,8,10,-6
530184,1,2,3,-1
530194,1,6,7,-5
530192,1,3,4,-2
530195,3,8,11,-5
530213,6,0,6,6
530212,3,8,11,-5
530202,5,1,6,4
530203,3,9,12,-6
530199,7,0,7,7
530209,3,8,11,-5
530210,1,0,1,1
530201,5,12,17,-7
530211,1,2,3,-1
530200,6,9,15,-3
530204,7,2,9,5
530208,5,6,11,-1
530205,8,5,13,3
530207,4,5,9,-1
530215,3,7,10,-4
530228,3,2,5,1
530214,8,6,14,2
530217,5,6,11,-1
530218,9,2,11,7
530227,3,8,11,-5
530221,6,7,13,-1
530224,6,1,7,5
530220,1,2,3,-1
530223,4,11,15,-7
530216,2,5,7,-3
530225,4,3,7,1
530226,9,5,14,4
530222,6,1,7,5
530219,5,9,14,-4
530242,4,6,10,-2
530230,1,9,10,-8
530239,2,3,5,-1
530231,7,4,11,3
530232,3,5,8,-2
530243,2,0,2,2
530229,1,2,3,-1
530233,1,6,7,-5
530236,4,1,5,3
530235,8,11,19,-3
530238,7,4,11,3
530240,6,0,6,6
530241,7,6,13,1
530237,2,8,10,-6
530234,2,3,5,-1
530247,2,6,8,-4
530252,3,7,10,-4
530245,5,1,6,4
530251,8,10,18,-2
530250,2,1,3,1
530254,2,4,6,-2
530244,2,4,6,-2
530246,9,8,17,1
530248,3,8,11,-5
530253,1,6,7,-5
530262,4,1,5,3
530256,7,4,11,3
530268,2,5,7,-3
530269,0,4,4,-4
530255,3,7,10,-4
530258,4,7,11,-3
530261,3,8,11,-5
530263,16,0,16,16
530265,4,0,4,4
530259,11,8,19,3
530260,1,9,10,-8
530267,0,6,6,-6
530257,7,2,9,5
530266,3,4,7,-1
530264,0,4,4,-4
530276,5,0,5,5
530278,4,5,9,-1
530280,2,3,5,-1
530277,8,5,13,3
530283,4,7,11,-3
530273,1,7,8,-6
530284,5,3,8,2
530270,5,4,9,1
530274,12,4,16,8
530271,7,1,8,6
530272,2,8,10,-6
530282,3,2,5,1
530279,0,2,2,-2
530281,1,3,4,-2
530275,2,6,8,-4
530286,2,0,2,2
530298,8,4,12,4
530299,2,4,6,-2
530288,5,7,12,-2
530291,1,6,7,-5
530293,5,1,6,4
530295,0,5,5,-5
530289,10,7,17,3
530294,1,6,7,-5
530297,1,3,4,-2
530296,1,2,3,-1
530290,1,6,7,-5
530287,3,6,9,-3
530285,9,3,12,6
530302,6,9,15,-3
530300,3,10,13,-7
530301,4,11,15,-7
530310,5,0,5,5
530317,2,4,6,-2
530313,7,2,9,5
530307,9,6,15,3
530308,0,6,6,-6
530305,2,1,3,1
530312,2,3,5,-1
530314,4,7,11,-3
530315,6,1,7,5
530316,7,1,8,6
530311,7,4,11,3
530309,0,1,1,-1
530304,14,1,15,13
530303,3,2,5,1
530332,2,11,13,-9
530320,1,0,1,1
530327,1,3,4,-2
530319,1,3,4,-2
530318,4,5,9,-1
530325,9,11,20,-2
530328,3,0,3,3
530322,6,3,9,3
530323,1,7,8,-6
530329,2,8,10,-6
530330,5,7,12,-2
530331,5,7,12,-2
530321,5,2,7,3
530326,11,3,14,8
530324,3,4,7,-1
530335,5,7,12,-2
530339,8,7,15,1
530334,2,7,9,-5
530340,1,4,5,-3
530341,3,4,7,-1
530333,4,5,9,-1
530336,7,2,9,5
530342,5,4,9,1
530337,5,2,7,3
530338,1,4,5,-3
530353,1,3,4,-2
530355,9,5,14,4
530351,12,4,16,8
530345,1,5,6,-4
530347,4,1,5,3
530357,7,6,13,1
530356,4,3,7,1
530346,1,0,1,1
530354,0,4,4,-4
530352,4,1,5,3
530348,7,3,10,4
530350,4,2,6,2
530343,9,4,13,5
530349,2,7,9,-5
530344,3,7,10,-4
530370,5,7,12,-2
530366,12,3,15,9
530360,3,4,7,-1
530365,2,1,3,1
530368,0,2,2,-2
530364,2,0,2,2
530361,2,4,6,-2
530362,2,4,6,-2
530372,6,4,10,2
530371,3,7,10,-4
530369,5,4,9,1
530358,12,7,19,5
530363,4,3,7,1
530367,4,3,7,1
530359,5,3,8,2
530376,5,2,7,3
530375,3,13,16,-10
530377,9,2,11,7
530387,3,6,9,-3
530386,5,4,9,1
530384,3,1,4,2
530381,3,4,7,-1
530380,5,7,12,-2
530383,7,1,8,6
530378,8,7,15,1
530373,8,3,11,5
530379,2,3,5,-1
530385,2,0,2,2
530374,2,7,9,-5
530382,0,2,2,-2
530388,2,0,2,2
530395,4,8,12,-4
530394,5,7,12,-2
530390,4,0,4,4
530389,7,2,9,5
530393,2,5,7,-3
530392,5,9,14,-4
530391,3,5,8,-2
530396,6,4,10,2
530400,4,5,9,-1
530410,0,3,3,-3
530409,1,4,5,-3
530403,6,4,10,2
530407,1,3,4,-2
530404,2,8,10,-6
530399,1,5,6,-4
530397,0,4,4,-4
530398,5,1,6,4
530406,4,2,6,2
530405,8,13,21,-5
530401,6,3,9,3
530402,3,6,9,-3
530408,5,12,17,-7
530419,0,2,2,-2
530424,0,1,1,-1
530412,0,1,1,-1
530411,5,1,6,4
530420,5,4,9,1
530417,6,8,14,-2
530415,7,2,9,5
530425,5,4,9,1
530418,2,5,7,-3
530422,4,5,9,-1
530414,2,3,5,-1
530413,7,0,7,7
530421,4,2,6,2
530416,13,5,18,8
530423,2,3,5,-1
530433,6,3,9,3
530428,3,9,12,-6
530430,1,3,4,-2
530427,5,2,7,3
530429,7,3,10,4
530434,3,4,7,-1
530432,2,4,6,-2
530431,3,6,9,-3
530426,2,1,3,1
530437,2,3,5,-1
530442,2,0,2,2
530448,0,5,5,-5
530449,5,6,11,-1
530443,6,3,9,3
530446,9,3,12,6
530438,9,5,14,4
530439,4,3,7,1
530445,2,13,15,-11
530440,7,3,10,4
530436,13,5,18,8
530441,8,4,12,4
530444,3,7,10,-4
530435,6,7,13,-1
530447,2,3,5,-1
530463,1,4,5,-3
530454,7,5,12,2
530455,10,2,12,8
530456,4,6,10,-2
530452,2,6,8,-4
530453,2,5,7,-3
530457,5,4,9,1
530464,0,2,2,-2
530458,9,3,12,6
530460,4,1,5,3
530461,0,1,1,-1
530450,0,1,1,-1
530462,1,3,4,-2
530451,6,3,9,3
530459,5,1,6,4
530472,4,10,14,-6
530479,6,8,14,-2
530473,1,4,5,-3
530467,8,6,14,2
530476,1,4,5,-3
530478,3,1,4,2
530469,3,1,4,2
530475,10,9,19,1
530470,7,4,11,3
530468,12,13,25,-1
530471,5,6,11,-1
530474,5,3,8,2
530465,9,3,12,6
530477,4,1,5,3
530466,0,5,5,-5
530046,4,2,6,2
530486,5,6,11,-1
530484,0,1,1,-1
530481,2,6,8,-4
530487,4,5,9,-1
530488,6,3,9,3
530485,12,2,14,10
530480,7,4,11,3
530483,5,4,9,1
530491,7,9,16,-2
530501,7,6,13,1
530500,2,7,9,-5
530497,3,2,5,1
530490,11,4,15,7
530494,5,9,14,-4
530493,3,6,9,-3
530502,2,1,3,1
530492,2,6,8,-4
530503,4,1,5,3
530498,8,10,18,-2
530489,4,5,9,-1
530499,4,2,6,2
530496,3,6,9,-3
530508,3,5,8,-2
530504,4,5,9,-1
530515,3,4,7,-1
530507,0,12,12,-12
530509,0,4,4,-4
530513,12,4,16,8
530510,5,6,11,-1
530505,3,0,3,3
530514,5,7,12,-2
530516,1,5,6,-4
530506,1,4,5,-3
530517,3,2,5,1
530512,8,10,18,-2
530525,3,4,7,-1
530520,9,2,11,7
530522,4,6,10,-2
530519,2,4,6,-2
530518,9,3,12,6
530521,2,6,8,-4
530526,3,11,14,-8
530527,5,8,13,-3
530524,0,3,3,-3
530528,2,1,3,1
530537,12,2,14,10
530530,3,6,9,-3
530531,0,10,10,-10
530533,5,2,7,3
530539,10,14,24,-4
530535,1,2,3,-1
530529,10,7,17,3
530532,1,0,1,1
530541,8,1,9,7
530540,1,2,3,-1
530534,3,11,14,-8
530542,1,2,3,-1
530538,6,2,8,4
530556,9,6,15,3
530551,7,6,13,1
530549,6,2,8,4
530543,7,2,9,5
530553,3,5,8,-2
530552,5,3,8,2
530545,2,11,13,-9
530544,7,5,12,2
530550,0,4,4,-4
530555,3,2,5,1
530546,1,4,5,-3
530547,3,4,7,-1
530548,8,3,11,5
530554,7,2,9,5
530557,4,1,5,3
530569,0,5,5,-5
530560,6,8,14,-2
530561,2,12,14,-10
530563,8,7,15,1
530565,6,7,13,-1
530558,3,0,3,3
530559,3,7,10,-4
530562,3,11,14,-8
530571,0,2,2,-2
530566,3,10,13,-7
530570,8,2,10,6
530564,8,5,13,3
530568,2,3,5,-1
530572,7,6,13,1
530567,6,8,14,-2
530578,5,4,9,1
529632,0,2,2,-2
530581,5,3,8,2
530577,4,2,6,2
530579,6,4,10,2
530583,0,11,11,-11
530573,5,9,14,-4
530575,4,5,9,-1
530580,4,7,11,-3
530582,6,3,9,3
530576,0,4,4,-4
530574,1,2,3,-1
530598,0,1,1,-1
530596,3,2,5,1
530592,6,0,6,6
530590,1,9,10,-8
530593,9,7,16,2
530594,3,4,7,-1
530584,5,3,8,2
530586,5,3,8,2
530595,3,2,5,1
530597,0,7,7,-7
530591,4,8,12,-4
530589,1,5,6,-4
530587,2,11,13,-9
530585,9,4,13,5
530588,2,3,5,-1
530601,6,5,11,1
530612,6,7,13,-1
530604,5,4,9,1
530611,8,7,15,1
530607,0,3,3,-3
530605,6,9,15,-3
530608,3,0,3,3
530609,5,3,8,2
530599,2,1,3,1
530610,2,5,7,-3
530606,1,6,7,-5
530602,5,1,6,4
530600,5,7,12,-2
530603,0,1,1,-1
530613,4,0,4,4
530620,4,2,6,2
530619,2,1,3,1
530621,4,2,6,2
530614,11,5,16,6
530615,9,8,17,1
530622,3,4,7,-1
530617,2,4,6,-2
530616,1,0,1,1
530618,6,4,10,2
530633,6,10,16,-4
530631,7,1,8,6
530637,17,7,24,10
530624,1,8,9,-7
530628,2,3,5,-1
530629,2,3,5,-1
530634,2,8,10,-6
530632,8,2,10,6
530625,3,11,14,-8
530623,5,1,6,4
530636,2,1,3,1
530626,1,3,4,-2
530627,3,1,4,2
530635,6,3,9,3
530630,1,4,5,-3
530643,3,4,7,-1
530648,9,14,23,-5
530646,6,2,8,4
530641,2,7,9,-5
530644,2,5,7,-3
530649,2,5,7,-3
530647,3,12,15,-9
530652,2,3,5,-1
530642,3,1,4,2
530638,11,4,15,7
530639,11,0,11,11
530640,4,13,17,-9
530650,3,4,7,-1
530645,4,6,10,-2
530651,7,0,7,7
530661,2,8,10,-6
530658,9,1,10,8
530659,2,3,5,-1
530664,5,2,7,3
530662,2,8,10,-6
530667,3,4,7,-1
530653,6,5,11,1
530663,10,11,21,-1
530655,10,5,15,5
530656,15,3,18,12
530657,4,6,10,-2
530665,7,5,12,2
530660,0,1,1,-1
530666,9,6,15,3
530654,1,11,12,-10
530672,3,2,5,1
530669,4,3,7,1
530668,5,3,8,2
530670,3,5,8,-2
530677,2,3,5,-1
530673,5,6,11,-1
530671,9,3,12,6
530675,2,5,7,-3
530676,6,3,9,3
530674,1,17,18,-16
530683,3,5,8,-2
530686,0,2,2,-2
530680,11,4,15,7
530679,2,3,5,-1
530678,5,8,13,-3
530687,6,8,14,-2
530681,12,8,20,4
530692,9,6,15,3
530684,5,3,8,2
530690,1,8,9,-7
530682,6,4,10,2
530689,2,6,8,-4
530691,2,4,6,-2
530688,3,8,11,-5
530685,1,4,5,-3
530695,3,0,3,3
530693,2,6,8,-4
530707,0,3,3,-3
530698,2,5,7,-3
530704,2,4,6,-2
530694,1,4,5,-3
530700,7,4,11,3
530701,2,3,5,-1
530699,5,4,9,1
530702,6,3,9,3
530696,4,7,11,-3
530703,4,6,10,-2
530705,0,1,1,-1
530697,3,2,5,1
530706,8,4,12,4
530712,12,14,26,-2
530715,7,5,12,2
530709,2,5,7,-3
530710,3,4,7,-1
530708,2,7,9,-5
530713,6,3,9,3
530711,1,4,5,-3
530714,11,2,13,9
530720,3,2,5,1
530726,17,5,22,12
530723,2,3,5,-1
530724,2,6,8,-4
530725,4,10,14,-6
530729,1,5,6,-4
530730,1,3,4,-2
530717,2,6,8,-4
530719,4,11,15,-7
530716,4,5,9,-1
530718,10,5,15,5
530727,1,3,4,-2
530722,2,3,5,-1
530721,7,1,8,6
530728,2,3,5,-1
530732,4,5,9,-1
530735,7,8,15,-1
530743,3,2,5,1
530741,3,2,5,1
530739,8,5,13,3
530740,6,3,9,3
530736,5,1,6,4
530744,3,0,3,3
530745,2,7,9,-5
530734,6,12,18,-6
530731,5,1,6,4
530733,15,4,19,11
530737,3,1,4,2
530738,4,18,22,-14
530742,5,20,25,-15
530754,2,1,3,1
530755,6,0,6,6
530759,9,0,9,9
530760,3,0,3,3
530756,1,4,5,-3
530753,10,2,12,8
530747,1,10,11,-9
530749,1,2,3,-1
530746,3,10,13,-7
530748,7,4,11,3
530750,5,6,11,-1
530758,8,13,21,-5
530757,4,3,7,1
530751,4,6,10,-2
530752,3,4,7,-1
530771,3,6,9,-3
530762,7,5,12,2
530763,9,10,19,-1
530770,0,5,5,-5
530766,3,4,7,-1
530768,2,0,2,2
530764,1,3,4,-2
530765,8,2,10,6
530761,1,2,3,-1
530786,5,1,6,4
530779,5,6,11,-1
530774,7,4,11,3
530775,2,5,7,-3
530784,4,8,12,-4
530781,7,3,10,4
530778,8,4,12,4
530785,6,2,8,4
530780,5,6,11,-1
530776,9,4,13,5
530783,14,2,16,12
530772,5,3,8,2
530782,3,9,12,-6
530777,1,4,5,-3
530773,2,0,2,2
530790,2,4,6,-2
530801,0,2,2,-2
530791,5,8,13,-3
530788,4,5,9,-1
530794,9,0,9,9
530789,4,19,23,-15
530799,2,4,6,-2
530796,0,3,3,-3
530793,4,5,9,-1
530800,5,9,14,-4
530795,8,3,11,5
530798,0,4,4,-4
530787,2,19,21,-17
530797,3,0,3,3
530792,4,2,6,2
530806,6,4,10,2
530802,1,5,6,-4
530034,5,4,9,1
530804,3,6,9,-3
530810,5,4,9,1
530809,4,6,10,-2
530805,7,4,11,3
530808,1,5,6,-4
530807,2,11,13,-9
530803,3,2,5,1
530823,5,4,9,1
530817,3,7,10,-4
530825,2,4,6,-2
530824,13,7,20,6
530820,2,0,2,2
530818,5,6,11,-1
530811,2,1,3,1
530814,0,3,3,-3
530822,8,11,19,-3
530815,6,9,15,-3
530813,9,1,10,8
530821,7,10,17,-3
530816,2,3,5,-1
530812,5,4,9,1
530819,1,7,8,-6
530839,2,6,8,-4
530837,19,6,25,13
530830,5,0,5,5
530829,1,9,10,-8
530840,4,7,11,-3
530828,8,2,10,6
530826,3,0,3,3
530835,0,2,2,-2
530831,5,4,9,1
530838,0,1,1,-1
530833,5,4,9,1
530836,1,4,5,-3
530834,4,3,7,1
530827,11,6,17,5
530853,5,6,11,-1
530854,2,5,7,-3
530855,6,1,7,5
530850,5,10,15,-5
530848,2,5,7,-3
530841,1,5,6,-4
530847,6,7,13,-1
530844,6,3,9,3
530852,7,11,18,-4
530845,1,10,11,-9
530843,4,6,10,-2
530851,3,4,7,-1
530849,6,2,8,4
530846,3,5,8,-2
530842,7,4,11,3
530857,6,9,15,-3
530872,18,5,23,13
530870,5,11,16,-6
530858,8,5,13,3
530868,7,5,12,2
530859,7,8,15,-1
530860,1,0,1,1
530869,12,1,13,11
530866,6,5,11,1
530862,9,8,17,1
530865,6,4,10,2
530867,5,6,11,-1
530871,5,1,6,4
530863,11,10,21,1
530864,3,1,4,2
530861,1,3,4,-2
530883,6,7,13,-1
530874,1,4,5,-3
530875,0,5,5,-5
530881,3,2,5,1
530884,6,2,8,4
530880,2,4,6,-2
530879,7,0,7,7
530882,2,4,6,-2
530877,16,3,19,13
530878,6,5,11,1
530886,3,4,7,-1
530876,5,0,5,5
530889,4,5,9,-1
530890,9,1,10,8
530899,9,2,11,7
530896,4,6,10,-2
530888,2,6,8,-4
530895,11,2,13,9
530897,3,5,8,-2
530902,2,7,9,-5
530892,0,5,5,-5
530901,5,6,11,-1
530894,5,14,19,-9
530893,1,6,7,-5
530891,2,8,10,-6
530905,5,3,8,2
530908,7,6,13,1
530909,8,3,11,5
530913,3,2,5,1
530914,1,2,3,-1
530904,12,1,13,11
530910,6,7,13,-1
530903,7,1,8,6
530911,15,3,18,12
530915,1,6,7,-5
530907,5,4,9,1
530906,5,3,8,2
530917,3,9,12,-6
530918,6,7,13,-1
530922,4,7,11,-3
530923,5,0,5,5
530926,9,4,13,5
530927,3,6,9,-3
530929,4,2,6,2
530924,4,0,4,4
530916,5,1,6,4
530925,13,10,23,3
530930,4,5,9,-1
530920,4,5,9,-1
530921,8,2,10,6
530919,4,2,6,2
530928,4,3,7,1
530941,4,6,10,-2
530938,2,3,5,-1
530943,3,7,10,-4
530936,3,7,10,-4
530940,0,4,4,-4
530944,7,3,10,4
530934,8,4,12,4
530931,1,2,3,-1
530937,12,6,18,6
530942,2,3,5,-1
530939,6,5,11,1
530935,2,3,5,-1
530933,3,11,14,-8
530945,6,7,13,-1
530946,8,12,20,-4
530951,12,6,18,6
530954,4,3,7,1
530947,2,7,9,-5
530950,2,1,3,1
530953,9,4,13,5
530955,10,3,13,7
530948,8,2,10,6
530952,7,6,13,1
530949,7,5,12,2
530963,4,5,9,-1
530967,5,15,20,-10
530958,8,3,11,5
530962,3,4,7,-1
530965,4,6,10,-2
530970,9,1,10,8
530960,4,1,5,3
530968,11,2,13,9
530969,10,5,15,5
530957,2,5,7,-3
530964,1,3,4,-2
530966,3,4,7,-1
530956,6,2,8,4
530961,3,1,4,2
530972,2,6,8,-4
530973,1,2,3,-1
530980,2,6,8,-4
530978,0,5,5,-5
530982,2,11,13,-9
530983,7,3,10,4
530977,4,10,14,-6
530975,5,1,6,4
530984,5,9,14,-4
530985,1,2,3,-1
530979,1,4,5,-3
530971,9,4,13,5
530976,7,1,8,6
530981,5,11,16,-6
530997,5,11,16,-6
530992,0,3,3,-3
530989,3,6,9,-3
530988,8,1,9,7
530995,0,4,4,-4
531000,0,5,5,-5
530993,1,0,1,1
530990,1,4,5,-3
530998,4,3,7,1
530999,7,4,11,3
530994,2,3,5,-1
530991,5,8,13,-3
530996,8,5,13,3
530986,5,4,9,1
530987,5,2,7,3
531006,1,2,3,-1
531004,3,5,8,-2
531002,4,5,9,-1
531001,4,5,9,-1
531008,9,5,14,4
531009,1,10,11,-9
531003,0,2,2,-2
531007,5,3,8,2
531005,5,2,7,3
531022,3,2,5,1
531020,4,25,29,-21
531011,4,5,9,-1
531010,3,6,9,-3
531012,1,2,3,-1
531017,6,10,16,-4
531021,3,1,4,2
531018,6,11,17,-5
531013,6,2,8,4
531016,4,2,6,2
531014,6,3,9,3
531023,0,6,6,-6
531024,2,6,8,-4
531015,5,2,7,3
531019,1,0,1,1
531035,3,5,8,-2
531025,7,5,12,2
531027,4,7,11,-3
531028,2,0,2,2
531036,3,8,11,-5
531030,8,3,11,5
531026,9,2,11,7
531032,2,7,9,-5
531031,10,5,15,5
531029,3,6,9,-3
531034,4,6,10,-2
531042,2,4,6,-2
531040,2,3,5,-1
531041,4,6,10,-2
531039,4,10,14,-6
531043,2,5,7,-3
531037,4,2,6,2
531045,7,15,22,-8
531046,6,1,7,5
531038,8,17,25,-9
531044,5,21,26,-16
531047,8,1,9,7
531048,7,3,10,4
531060,4,5,9,-1
531062,6,7,13,-1
531058,1,5,6,-4
531057,7,4,11,3
531049,2,1,3,1
531051,3,2,5,1
531059,1,4,5,-3
531050,3,11,14,-8
531056,4,6,10,-2
531053,3,5,8,-2
531061,3,6,9,-3
531054,0,1,1,-1
531055,2,1,3,1
531063,7,2,9,5
531075,4,5,9,-1
531074,1,4,5,-3
531066,2,1,3,1
531077,8,4,12,4
531073,3,8,11,-5
531072,0,3,3,-3
531071,2,8,10,-6
531064,0,3,3,-3
531068,4,8,12,-4
531065,1,3,4,-2
531076,3,9,12,-6
531069,1,2,3,-1
531070,14,0,14,14
531078,5,1,6,4
531087,3,4,7,-1
531079,5,4,9,1
531081,8,7,15,1
531082,1,2,3,-1
531092,2,1,3,1
531088,3,5,8,-2
531086,5,6,11,-1
531083,5,4,9,1
531090,10,6,16,4
531080,9,6,15,3
531084,0,6,6,-6
531085,2,3,5,-1
531091,3,2,5,1
531093,3,6,9,-3
531089,4,5,9,-1
531095,4,6,10,-2
531098,0,10,10,-10
531103,1,2,3,-1
531102,4,3,7,1
531099,7,0,7,7
531094,3,1,4,2
531101,0,2,2,-2
531100,2,3,5,-1
531096,2,6,8,-4
531097,3,1,4,2
531110,2,1,3,1
531106,10,7,17,3
531108,6,1,7,5
531105,3,4,7,-1
531112,3,2,5,1
531118,3,2,5,1
531117,4,11,15,-7
531113,4,3,7,1
531116,11,5,16,6
531107,5,0,5,5
531115,10,2,12,8
531114,5,2,7,3
531111,4,2,6,2
531109,5,11,16,-6
531123,0,8,8,-8
531131,7,11,18,-4
531129,4,3,7,1
531128,0,6,6,-6
531124,0,6,6,-6
531119,8,3,11,5
531121,10,5,15,5
531120,5,4,9,1
531126,2,5,7,-3
531132,7,1,8,6
531127,7,3,10,4
531130,4,8,12,-4
531122,0,9,9,-9
531125,2,3,5,-1
531133,3,6,9,-3
531137,4,5,9,-1
531139,8,4,12,4
531141,3,7,10,-4
531135,5,8,13,-3
531134,4,5,9,-1
531140,8,6,14,2
531136,8,5,13,3
531138,10,5,15,5
531156,2,3,5,-1
531143,19,12,31,7
531155,12,7,19,5
531154,7,0,7,7
531142,0,3,3,-3
531147,3,5,8,-2
531148,6,2,8,4
531146,1,10,11,-9
531152,5,2,7,3
531144,0,1,1,-1
531153,7,0,7,7
531145,4,5,9,-1
531149,3,4,7,-1
531150,0,2,2,-2
531151,10,13,23,-3
531170,3,5,8,-2
531171,9,4,13,5
531169,3,1,4,2
531162,4,3,7,1
531157,3,6,9,-3
531167,3,2,5,1
531159,3,1,4,2
531163,3,4,7,-1
531161,4,2,6,2
531168,8,3,11,5
531160,2,3,5,-1
531165,5,1,6,4
531166,4,0,4,4
531164,7,0,7,7
531173,4,1,5,3
531185,2,7,9,-5
531184,1,2,3,-1
531172,9,2,11,7
531177,2,4,6,-2
531178,4,3,7,1
531176,7,8,15,-1
531182,4,3,7,1
531174,9,7,16,2
531183,8,2,10,6
531175,3,4,7,-1
531180,3,9,12,-6
531181,3,4,7,-1
531179,8,7,15,1
531186,3,4,7,-1
530898,8,5,13,3
531188,10,3,13,7
531187,5,9,14,-4
531195,3,5,8,-2
531194,6,7,13,-1
531193,1,3,4,-2
531192,6,7,13,-1
531189,6,3,9,3
531191,5,2,7,3
531202,7,0,7,7
531203,3,6,9,-3
531196,2,1,3,1
531207,1,4,5,-3
531198,8,1,9,7
531197,6,3,9,3
531201,6,10,16,-4
531210,6,4,10,2
531199,5,1,6,4
531204,2,5,7,-3
531209,4,6,10,-2
531208,6,5,11,1
531206,2,3,5,-1
531200,7,3,10,4
531205,2,1,3,1
531219,4,6,10,-2
531212,6,5,11,1
531217,4,8,12,-4
531221,2,0,2,2
531218,16,5,21,11
531211,4,7,11,-3
531222,6,1,7,5
531213,4,3,7,1
531216,2,5,7,-3
531214,1,12,13,-11
531224,2,4,6,-2
531223,6,5,11,1
531215,3,2,5,1
531220,3,4,7,-1
531231,3,1,4,2
531226,1,0,1,1
531233,5,4,9,1
531227,5,3,8,2
531229,6,8,14,-2
531228,8,15,23,-7
531232,2,6,8,-4
531225,5,1,6,4
531245,2,4,6,-2
531236,1,0,1,1
531243,2,8,10,-6
531235,1,2,3,-1
531246,1,2,3,-1
531247,3,7,10,-4
531237,11,5,16,6
531241,4,6,10,-2
531238,4,5,9,-1
531240,3,9,12,-6
531244,2,5,7,-3
531239,3,4,7,-1
531234,9,4,13,5
531242,11,1,12,10
531263,6,11,17,-5
531250,4,2,6,2
531254,1,7,8,-6
531260,3,1,4,2
531251,1,3,4,-2
531258,7,5,12,2
531261,1,7,8,-6
531262,2,5,7,-3
531253,7,5,12,2
531252,5,3,8,2
531255,3,1,4,2
531259,2,7,9,-5
531256,11,7,18,4
531249,6,7,13,-1
531257,4,5,9,-1
531277,2,0,2,2
531278,2,10,12,-8
531265,0,8,8,-8
531276,4,11,15,-7
531266,1,2,3,-1
531267,4,2,6,2
531273,12,1,13,11
531268,4,5,9,-1
531270,6,7,13,-1
531274,2,1,3,1
531271,2,4,6,-2
531269,9,4,13,5
531264,4,3,7,1
531272,12,1,13,11
531275,8,2,10,6
531279,1,0,1,1
531280,3,5,8,-2
531282,5,4,9,1
531285,2,1,3,1
531284,0,1,1,-1
529630,8,5,13,3
531281,2,5,7,-3
531287,0,9,9,-9
531283,4,7,11,-3
531286,5,3,8,2
531298,4,10,14,-6
531288,6,1,7,5
531289,2,8,10,-6
531292,6,3,9,3
531290,1,2,3,-1
531300,3,6,9,-3
531294,1,4,5,-3
531297,2,1,3,1
531296,5,2,7,3
531291,9,7,16,2
531299,4,3,7,1
531295,4,5,9,-1
531302,0,6,6,-6
531293,3,2,5,1
531301,5,2,7,3
531304,0,6,6,-6
531311,3,7,10,-4
531306,0,4,4,-4
531317,4,2,6,2
531308,10,7,17,3
531313,7,8,15,-1
531303,2,1,3,1
531307,4,10,14,-6
531305,8,2,10,6
531315,3,5,8,-2
531309,3,6,9,-3
531312,3,9,12,-6
531314,2,6,8,-4
531310,1,5,6,-4
531316,3,1,4,2
531321,0,7,7,-7
531324,2,0,2,2
531326,3,1,4,2
531319,2,7,9,-5
531325,3,4,7,-1
531322,3,4,7,-1
531318,5,0,5,5
531320,1,7,8,-6
531323,4,6,10,-2
531330,2,3,5,-1
531333,7,5,12,2
531335,2,4,6,-2
531341,0,3,3,-3
531328,3,10,13,-7
531329,6,3,9,3
531327,0,1,1,-1
531334,7,1,8,6
531336,6,7,13,-1
531331,4,5,9,-1
531339,7,5,12,2
531338,6,3,9,3
531332,9,3,12,6
531337,1,11,12,-10
531340,7,6,13,1
531345,6,10,16,-4
531356,0,3,3,-3
531355,3,5,8,-2
531350,6,8,14,-2
531343,1,5,6,-4
531344,6,1,7,5
531349,6,2,8,4
531342,1,3,4,-2
531351,9,1,10,8
531346,1,7,8,-6
531353,4,3,7,1
531354,1,9,10,-8
531347,8,3,11,5
531352,4,5,9,-1
531365,8,3,11,5
531371,15,0,15,15
531358,1,9,10,-8
531359,7,2,9,5
531357,4,0,4,4
531364,6,2,8,4
531366,4,7,11,-3
531361,12,5,17,7
531360,0,9,9,-9
531369,12,3,15,9
531370,1,3,4,-2
531362,3,1,4,2
531367,3,7,10,-4
531368,2,5,7,-3
531363,5,3,8,2
531377,0,7,7,-7
531378,5,3,8,2
531373,6,2,8,4
531375,4,7,11,-3
531376,4,11,15,-7
531374,7,10,17,-3
531372,0,2,2,-2
531392,5,12,17,-7
531393,5,4,9,1
531380,4,5,9,-1
531386,1,8,9,-7
531384,7,8,15,-1
531385,7,9,16,-2
531391,5,9,14,-4
531383,8,4,12,4
531388,4,3,7,1
531382,2,6,8,-4
531389,2,5,7,-3
531381,3,2,5,1
531390,1,2,3,-1
531379,0,1,1,-1
531402,4,5,9,-1
531396,2,9,11,-7
531401,10,3,13,7
531404,3,8,11,-5
531398,6,14,20,-8
531406,5,10,15,-5
531407,6,8,14,-2
531395,4,1,5,3
531400,4,3,7,1
531399,13,12,25,1
531405,8,5,13,3
531397,3,1,4,2
531403,2,0,2,2
531394,3,1,4,2
531413,2,1,3,1
531414,3,5,8,-2
531411,8,7,15,1
531415,0,5,5,-5
530053,5,4,9,1
531412,5,2,7,3
531409,9,4,13,5
531416,7,1,8,6
531408,3,1,4,2
531410,2,3,5,-1
531420,1,2,3,-1
531423,5,7,12,-2
531425,4,1,5,3
531430,0,3,3,-3
531431,6,5,11,1
531428,3,2,5,1
531426,10,7,17,3
531424,3,0,3,3
531419,1,6,7,-5
531418,2,9,11,-7
531421,5,12,17,-7
531429,5,7,12,-2
531417,2,3,5,-1
531422,0,7,7,-7
531427,0,7,7,-7
531442,2,1,3,1
531438,1,2,3,-1
531435,7,1,8,6
531440,4,5,9,-1
531439,3,7,10,-4
531445,5,3,8,2
531443,3,5,8,-2
531434,6,1,7,5
531446,3,6,9,-3
531433,4,5,9,-1
531436,4,0,4,4
531441,4,7,11,-3
531437,4,2,6,2
531444,8,7,15,1
531432,2,3,5,-1
531453,11,7,18,4
531461,6,1,7,5
531450,8,1,9,7
531455,9,4,13,5
531449,0,8,8,-8
531448,1,9,10,-8
531451,6,4,10,2
531456,4,18,22,-14
531459,2,8,10,-6
531457,4,1,5,3
531447,2,3,5,-1
531452,7,3,10,4
531460,6,4,10,2
531458,1,5,6,-4
531454,2,4,6,-2
531475,3,4,7,-1
531463,8,2,10,6
531472,1,3,4,-2
531465,1,5,6,-4
531469,1,4,5,-3
531466,2,4,6,-2
531464,3,4,7,-1
531474,8,9,17,-1
531471,3,6,9,-3
531467,5,1,6,4
531476,7,1,8,6
531468,3,1,4,2
531470,4,2,6,2
531473,6,2,8,4
531462,1,2,3,-1
531480,3,7,10,-4
531490,11,8,19,3
531491,4,0,4,4
531482,3,9,12,-6
531487,9,4,13,5
531478,5,1,6,4
531483,2,4,6,-2
531484,2,5,7,-3
531481,8,3,11,5
531479,1,11,12,-10
531489,2,6,8,-4
531488,0,6,6,-6
531486,5,1,6,4
531485,4,11,15,-7
531477,5,3,8,2
531493,9,8,17,1
531497,1,3,4,-2
531495,2,3,5,-1
531504,7,6,13,1
531505,3,10,13,-7
531502,1,2,3,-1
531500,7,3,10,4
531498,9,3,12,6
531499,1,9,10,-8
531496,10,2,12,8
531494,6,4,10,2
531503,3,5,8,-2
531501,2,8,10,-6
531492,2,5,7,-3
531509,6,2,8,4
531507,6,4,10,2
531508,9,4,13,5
531506,7,6,13,1
531521,6,12,18,-6
531518,3,5,8,-2
531513,2,3,5,-1
531514,6,3,9,3
531523,3,5,8,-2
531511,2,14,16,-12
531520,4,3,7,1
531515,6,10,16,-4
531516,5,2,7,3
531522,2,4,6,-2
531517,4,2,6,2
531510,3,5,8,-2
531524,4,8,12,-4
531519,4,0,4,4
531533,1,5,6,-4
531529,5,3,8,2
531539,6,8,14,-2
531528,9,8,17,1
531538,3,4,7,-1
531526,5,10,15,-5
531530,4,1,5,3
531535,5,10,15,-5
531531,12,3,15,9
531537,3,4,7,-1
531532,2,4,6,-2
531525,5,4,9,1
531534,4,2,6,2
531543,2,6,8,-4
531553,5,2,7,3
531541,3,8,11,-5
531550,4,6,10,-2
531545,1,3,4,-2
531546,1,0,1,1
531552,3,6,9,-3
531547,9,6,15,3
531554,3,7,10,-4
531551,7,6,13,1
531540,9,5,14,4
531549,2,3,5,-1
531544,5,6,11,-1
531559,3,2,5,1
531560,6,10,16,-4
531558,5,6,11,-1
531562,3,2,5,1
531563,7,2,9,5
531564,7,8,15,-1
531557,3,4,7,-1
531555,2,13,15,-11
531565,5,2,7,3
531556,4,1,5,3
531571,5,4,9,1
531572,1,3,4,-2
531576,3,2,5,1
531570,2,0,2,2
531580,2,7,9,-5
531573,5,3,8,2
531574,0,3,3,-3
531575,5,10,15,-5
531577,5,11,16,-6
531569,3,6,9,-3
531567,6,3,9,3
531579,0,1,1,-1
531578,2,1,3,1
531568,4,1,5,3
531587,8,1,9,7
531586,5,4,9,1
531585,1,3,4,-2
531592,4,3,7,1
531583,2,1,3,1
531593,5,4,9,1
531591,10,0,10,10
531596,5,1,6,4
531595,0,1,1,-1
531589,5,1,6,4
531590,1,3,4,-2
531584,4,2,6,2
531582,4,5,9,-1
531594,1,8,9,-7
531597,3,10,13,-7
531542,4,3,7,1
531601,3,5,8,-2
531603,3,4,7,-1
531598,9,7,16,2
531600,4,6,10,-2
531602,8,2,10,6
531605,8,6,14,2
531610,2,14,16,-12
531617,0,11,11,-11
531608,5,4,9,1
531612,8,0,8,8
531613,2,1,3,1
531618,5,10,15,-5
531606,2,3,5,-1
531604,4,2,6,2
531614,4,7,11,-3
531609,3,0,3,3
531611,4,8,12,-4
531615,5,0,5,5
531616,4,0,4,4
531607,0,2,2,-2
531624,17,4,21,13
531633,7,1,8,6
531623,0,15,15,-15
531621,0,1,1,-1
531627,3,5,8,-2
531632,8,7,15,1
531628,5,7,12,-2
531620,2,0,2,2
531625,4,5,9,-1
531619,4,10,14,-6
531629,3,1,4,2
531626,3,10,13,-7
531631,6,3,9,3
531622,0,3,3,-3
531630,6,5,11,1
531642,3,4,7,-1
531635,4,8,12,-4
531647,3,2,5,1
531638,6,4,10,2
531643,4,5,9,-1
531648,6,4,10,2
531640,6,4,10,2
531634,4,5,9,-1
531644,3,2,5,1
531641,9,6,15,3
531636,2,1,3,1
531637,3,2,5,1
531645,3,4,7,-1
531646,3,7,10,-4
531639,0,5,5,-5
531652,6,7,13,-1
531659,5,0,5,5
531654,9,4,13,5
531653,6,1,7,5
531660,5,8,13,-3
531657,11,6,17,5
531650,0,8,8,-8
531658,3,0,3,3
531656,4,1,5,3
531649,5,1,6,4
531651,2,8,10,-6
531655,4,2,6,2
531666,1,2,3,-1
531674,6,4,10,2
531669,2,5,7,-3
531661,2,3,5,-1
531668,5,3,8,2
531663,3,5,8,-2
531675,4,2,6,2
531672,8,1,9,7
531664,3,1,4,2
531673,4,0,4,4
531671,0,7,7,-7
531662,9,1,10,8
531667,9,7,16,2
531665,2,3,5,-1
531670,5,4,9,1
531687,3,7,10,-4
531683,8,2,10,6
531688,9,3,12,6
531684,0,4,4,-4
531681,1,2,3,-1
531689,1,2,3,-1
531676,1,10,11,-9
531678,1,4,5,-3
531679,0,7,7,-7
531686,9,0,9,9
531685,4,8,12,-4
531677,0,9,9,-9
531682,0,10,10,-10
531680,2,5,7,-3
531694,3,21,24,-18
531695,5,4,9,1
531690,11,6,17,5
531697,8,9,17,-1
531693,8,11,19,-3
531691,5,4,9,1
531692,4,2,6,2
531696,3,8,11,-5
531700,4,10,14,-6
531707,4,2,6,2
531698,8,10,18,-2
531705,8,3,11,5
531712,11,3,14,8
531699,7,5,12,2
531703,4,3,7,1
531701,0,1,1,-1
531708,5,6,11,-1
531704,3,11,14,-8
531710,3,5,8,-2
531702,6,2,8,4
531706,6,7,13,-1
531709,5,3,8,2
531725,4,5,9,-1
531723,3,5,8,-2
531722,0,6,6,-6
531713,2,3,5,-1
531727,2,5,7,-3
531718,4,5,9,-1
531720,0,3,3,-3
531714,4,5,9,-1
531719,5,10,15,-5
531715,8,3,11,5
531716,1,5,6,-4
531726,13,0,13,13
531717,5,1,6,4
531721,2,3,5,-1
531724,2,7,9,-5
531728,6,3,9,3
531742,5,2,7,3
531733,3,2,5,1
531731,0,6,6,-6
531737,8,6,14,2
531738,1,2,3,-1
531735,13,6,19,7
531734,2,6,8,-4
531730,6,1,7,5
531740,2,9,11,-7
531741,1,6,7,-5
531736,5,1,6,4
531732,2,0,2,2
531739,0,14,14,-14
531729,3,4,7,-1
531747,3,7,10,-4
531745,5,3,8,2
531743,2,6,8,-4
531749,4,1,5,3
531752,5,1,6,4
531744,4,0,4,4
531748,6,4,10,2
531751,1,10,11,-9
531746,7,4,11,3
531754,4,5,9,-1
531750,7,3,10,4
531753,5,0,5,5
531760,4,3,7,1
531762,4,9,13,-5
531759,4,1,5,3
531755,7,3,10,4
531764,9,2,11,7
531767,6,0,6,6
531758,4,2,6,2
531757,4,5,9,-1
531763,12,4,16,8
531766,3,10,13,-7
531761,3,4,7,-1
531769,1,4,5,-3
531765,8,10,18,-2
531768,4,5,9,-1
531774,1,3,4,-2
531775,6,1,7,5
531770,0,3,3,-3
531779,7,8,15,-1
531778,2,1,3,1
531782,6,7,13,-1
531773,4,11,15,-7
531772,10,2,12,8
531781,0,14,14,-14
531776,2,7,9,-5
531784,2,3,5,-1
531780,9,3,12,6
531783,3,2,5,1
531789,12,1,13,11
531790,3,5,8,-2
531785,1,4,5,-3
531791,0,3,3,-3
531787,3,9,12,-6
531786,1,2,3,-1
531792,2,0,2,2
531804,4,8,12,-4
531803,8,4,12,4
531798,2,1,3,1
531794,10,2,12,8
531806,7,6,13,1
531800,8,1,9,7
531801,11,6,17,5
531807,2,5,7,-3
531797,5,6,11,-1
531796,14,6,20,8
531802,5,8,13,-3
531793,2,3,5,-1
531805,6,12,18,-6
531799,3,1,4,2
531819,2,1,3,1
531816,8,5,13,3
531814,10,6,16,4
531818,0,3,3,-3
531821,3,4,7,-1
531809,0,3,3,-3
531810,3,8,11,-5
531815,0,1,1,-1
531812,5,6,11,-1
531811,4,9,13,-5
531822,12,2,14,10
531808,5,4,9,1
531817,5,2,7,3
531820,1,4,5,-3
531828,0,4,4,-4
531829,15,0,15,15
531824,1,3,4,-2
531831,2,10,12,-8
531832,4,5,9,-1
531837,0,12,12,-12
531833,6,5,11,1
531823,3,4,7,-1
531835,1,3,4,-2
531836,4,9,13,-5
531825,4,5,9,-1
531830,0,1,1,-1
531827,0,11,11,-11
531826,2,1,3,1
531834,5,10,15,-5
570334,3,1,4,2
570335,2,5,7,-3
566083,9,7,16,2
566084,5,4,9,1
565895,2,0,2,2
567456,2,7,9,-5
567552,4,5,9,-1
567059,4,10,14,-6
566864,2,0,2,2
566664,5,1,6,4
566763,12,4,16,8
566086,0,4,4,-4
565799,5,12,17,-7
565220,3,5,8,-2
566275,0,2,2,-2
566962,0,2,2,-2
567359,6,3,9,3
565702,3,5,8,-2
566372,4,12,16,-8
566865,0,6,6,-6
566665,2,4,6,-2
567360,6,1,7,5
567553,9,5,14,4
566087,6,2,8,4
565800,5,4,9,1
566373,7,6,13,1
566276,1,4,5,-3
565896,11,8,19,3
567457,5,3,8,2
566963,2,1,3,1
565703,6,8,14,-2
566866,0,3,3,-3
567060,6,8,14,-2
566666,1,3,4,-2
567361,3,7,10,-4
567554,2,4,6,-2
566764,6,8,14,-2
566277,3,2,5,1
566088,2,4,6,-2
565801,5,18,23,-13
566374,5,6,11,-1
567458,7,5,12,2
566867,4,3,7,1
565222,5,0,5,5
566667,1,3,4,-2
567362,0,3,3,-3
565897,5,6,11,-1
566964,3,9,12,-6
567555,4,5,9,-1
565704,6,3,9,3
566765,10,11,21,-1
566089,1,2,3,-1
565802,7,8,15,-1
566375,8,10,18,-2
566278,1,3,4,-2
567061,1,5,6,-4
566180,6,5,11,1
565316,3,5,8,-2
567459,1,3,4,-2
565223,4,3,7,1
566868,6,5,11,1
566668,1,7,8,-6
567157,0,8,8,-8
567363,7,3,10,4
566766,2,1,3,1
566090,0,7,7,-7
566279,10,3,13,7
566376,3,6,9,-3
565803,4,2,6,2
567460,3,1,4,2
565224,4,3,7,1
565898,8,2,10,6
566869,2,1,3,1
566669,0,4,4,-4
567364,6,5,11,1
566767,4,6,10,-2
565705,5,4,9,1
566091,0,1,1,-1
566280,8,5,13,3
566377,1,2,3,-1
565804,5,6,11,-1
565225,1,0,1,1
565899,8,9,17,-1
566670,1,0,1,1
565317,8,3,11,5
565706,7,6,13,1
566281,1,4,5,-3
567461,2,1,3,1
566870,3,5,8,-2
567365,6,4,10,2
566181,5,4,9,1
567158,4,6,10,-2
566768,0,4,4,-4
566092,6,3,9,3
565805,3,5,8,-2
565510,4,5,9,-1
565990,4,0,4,4
564930,8,4,12,4
566093,3,7,10,-4
565318,1,4,5,-3
566182,0,2,2,-2
567159,4,9,13,-5
564734,11,4,15,7
567263,8,10,18,-2
565413,10,6,16,4
566567,5,3,8,2
566471,5,2,7,3
566183,0,2,2,-2
567062,4,10,14,-6
564833,8,15,23,-7
565319,2,3,5,-1
567160,0,4,4,-4
565606,2,3,5,-1
567556,10,13,23,-3
564735,1,3,4,-2
565511,4,7,11,-3
565991,5,6,11,-1
566184,5,6,11,-1
567063,6,2,8,4
567264,9,2,11,7
566568,6,4,10,2
566472,4,6,10,-2
564736,1,5,6,-4
565320,2,7,9,-5
564931,6,4,10,2
565607,0,6,6,-6
567557,14,8,22,6
567161,4,2,6,2
564834,4,5,9,-1
565414,7,2,9,5
567064,1,2,3,-1
564932,15,3,18,12
565512,1,3,4,-2
565992,12,9,21,3
565321,1,3,4,-2
567162,3,4,7,-1
566185,5,7,12,-2
565608,8,9,17,-1
567265,12,5,17,7
567558,2,4,6,-2
566569,1,4,5,-3
566473,3,0,3,3
564737,2,7,9,-5
564835,1,0,1,1
565415,12,6,18,6
567266,5,1,6,4
565124,0,10,10,-10
564933,4,12,16,-8
567065,3,4,7,-1
565609,3,4,7,-1
566570,3,4,7,-1
565707,13,5,18,8
565416,8,6,14,2
566474,6,5,11,1
564738,2,5,7,-3
565513,8,2,10,6
565027,7,5,12,2
567267,10,5,15,5
565226,0,14,14,-14
564934,13,2,15,11
567066,10,6,16,4
565993,14,8,22,6
566571,0,4,4,-4
565610,3,6,9,-3
565708,6,3,9,3
565417,7,1,8,6
564836,4,5,9,-1
566475,2,7,9,-5
564739,8,11,19,-3
565514,1,4,5,-3
567268,9,1,10,8
566476,3,1,4,2
565227,1,2,3,-1
564935,10,3,13,7
567067,15,1,16,14
565994,6,9,15,-3
565611,6,8,14,-2
566572,2,7,9,-5
565125,5,2,7,3
565709,6,5,11,1
564837,5,2,7,3
564740,2,4,6,-2
564936,8,5,13,3
565228,0,5,5,-5
565515,4,0,4,4
565710,7,6,13,1
566573,7,11,18,-4
565028,6,7,13,-1
567163,6,3,9,3
565126,0,2,2,-2
564838,7,6,13,1
566477,0,1,1,-1
565127,1,5,6,-4
565900,6,3,9,3
566871,11,7,18,4
565029,4,6,10,-2
567366,9,1,10,8
567164,6,2,8,4
566769,8,6,14,2
565711,1,8,9,-7
564839,2,1,3,1
566378,10,6,16,4
565806,8,5,13,3
566478,2,3,5,-1
565030,9,5,14,4
567463,0,4,4,-4
566966,3,4,7,-1
565128,6,5,11,1
566872,1,3,4,-2
565901,2,3,5,-1
566479,2,5,7,-3
567367,3,10,13,-7
565229,2,5,7,-3
565712,0,3,3,-3
567165,7,11,18,-4
564840,5,4,9,1
566379,3,1,4,2
565807,4,1,5,3
565031,0,4,4,-4
567464,5,2,7,3
566873,8,4,12,4
567368,3,1,4,2
565902,4,3,7,1
566967,4,6,10,-2
565713,8,9,17,-1
566771,7,8,15,-1
566480,4,0,4,4
564841,4,8,12,-4
566380,3,2,5,1
565230,9,5,14,4
565808,1,7,8,-6
567166,3,7,10,-4
565032,8,1,9,7
567068,7,6,13,1
567369,7,2,9,5
566968,5,3,8,2
567559,7,10,17,-3
566772,7,12,19,-5
567269,4,5,9,-1
565809,3,4,7,-1
566282,5,2,7,3
566381,6,4,10,2
567465,0,8,8,-8
565516,5,3,8,2
565903,7,3,10,4
567069,3,14,17,-11
566671,2,4,6,-2
567370,4,0,4,4
567167,9,6,15,3
566969,6,5,11,1
567560,4,8,12,-4
566773,0,5,5,-5
567270,1,5,6,-4
566283,8,2,10,6
566094,9,1,10,8
565810,1,6,7,-5
566382,4,2,6,2
567070,2,3,5,-1
567561,6,3,9,3
567271,4,3,7,1
565811,2,3,5,-1
567466,3,5,8,-2
565517,3,2,5,1
566383,1,0,1,1
565904,6,9,15,-3
566672,1,8,9,-7
567371,6,0,6,6
567168,3,2,5,1
566970,1,4,5,-3
566774,4,5,9,-1
566095,1,2,3,-1
567169,4,1,5,3
565905,2,4,6,-2
566971,7,4,11,3
565518,7,9,16,-2
567467,6,1,7,5
566673,6,5,11,1
567562,3,1,4,2
565419,2,6,8,-4
564741,11,10,21,1
566284,4,1,5,3
565130,1,5,6,-4
566186,1,4,5,-3
567468,2,6,8,-4
566674,6,4,10,2
565519,7,3,10,4
567372,2,3,5,-1
566775,7,2,9,5
567563,5,3,8,2
566574,5,4,9,1
565420,3,4,7,-1
564742,5,3,8,2
566096,5,1,6,4
566285,3,2,5,1
567469,2,9,11,-7
566575,2,10,12,-8
565131,6,0,6,6
566097,10,1,11,9
566675,6,5,11,1
567373,3,9,12,-6
567564,0,5,5,-5
566776,4,9,13,-5
565421,8,5,13,3
566286,4,2,6,2
564743,6,5,11,1
564939,4,3,7,1
567470,6,7,13,-1
565521,3,4,7,-1
567374,5,0,5,5
566188,3,2,5,1
566676,4,3,7,1
567565,6,5,11,1
566576,4,6,10,-2
565132,1,2,3,-1
566777,10,11,21,-1
565422,1,4,5,-3
564744,6,8,14,-2
566098,5,4,9,1
566287,3,4,7,-1
565324,11,5,16,6
566189,12,4,16,8
564940,12,2,14,10
566677,3,6,9,-3
565995,1,5,6,-4
566577,5,13,18,-8
565612,9,5,14,4
565423,5,7,12,-2
566099,1,6,7,-5
564745,4,3,7,1
565325,3,1,4,2
565231,6,7,13,-1
566190,2,1,3,1
564941,1,9,10,-8
566874,7,6,13,1
566678,2,5,7,-3
565996,0,9,9,-9
566578,3,4,7,-1
565133,2,7,9,-5
565613,4,10,14,-6
565424,6,3,9,3
566100,5,11,16,-6
564746,7,5,12,2
566288,3,6,9,-3
566679,10,2,12,8
565326,2,6,8,-4
566579,2,5,7,-3
565425,5,9,14,-4
566101,5,6,11,-1
566289,0,1,1,-1
566875,4,0,4,4
565232,3,1,4,2
566191,11,2,13,9
564942,3,4,7,-1
565035,4,11,15,-7
565997,6,0,6,6
565134,6,7,13,-1
565614,1,7,8,-6
564747,6,5,11,1
566192,5,0,5,5
565135,2,1,3,1
565233,2,4,6,-2
567071,3,1,4,2
565036,3,7,10,-4
565615,2,1,3,1
564748,5,11,16,-6
566384,2,14,16,-12
565906,4,3,7,1
567072,0,4,4,-4
566876,2,4,6,-2
565998,10,2,12,8
567170,8,4,12,4
565616,6,3,9,3
566972,1,6,7,-5
567272,11,12,23,-1
565714,5,1,6,4
566580,12,1,13,11
564842,3,8,11,-5
565812,2,6,8,-4
566385,4,5,9,-1
566481,7,3,10,4
566973,2,9,11,-7
566581,3,6,9,-3
566877,1,7,8,-6
565617,3,4,7,-1
565907,8,3,11,5
565038,2,1,3,1
566482,6,4,10,2
567073,9,12,21,-3
565999,8,6,14,2
565715,4,9,13,-5
567171,9,5,14,4
564843,9,1,10,8
565813,1,3,4,-2
566386,15,1,16,14
565039,5,2,7,3
567074,1,5,6,-4
566878,4,5,9,-1
566000,2,5,7,-3
567172,7,8,15,-1
565908,6,7,13,-1
566974,1,4,5,-3
567274,1,4,5,-3
565716,7,3,10,4
566582,2,5,7,-3
566483,11,5,16,6
564844,6,5,11,1
565814,6,7,13,-1
566387,14,1,15,13
565618,1,4,5,-3
565909,6,3,9,3
566001,5,4,9,1
565040,4,9,13,-5
567173,1,3,4,-2
566975,0,1,1,-1
567566,1,5,6,-4
567275,3,5,8,-2
565717,8,5,13,3
566484,2,3,5,-1
565910,3,2,5,1
567075,3,1,4,2
566002,3,4,7,-1
565041,1,5,6,-4
567375,7,4,11,3
567179,4,3,7,1
566976,11,0,11,11
567567,3,4,7,-1
566778,6,4,10,2
564845,1,3,4,-2
566485,10,3,13,7
564749,3,4,7,-1
566388,6,5,11,1
565042,3,7,10,-4
566779,7,5,12,2
564846,2,3,5,-1
566389,11,0,11,11
565911,5,1,6,4
567076,3,7,10,-4
566003,1,0,1,1
567376,2,4,6,-2
567180,1,5,6,-4
567568,11,4,15,7
566977,2,6,8,-4
566486,1,2,3,-1
564750,3,6,9,-3
566004,0,1,1,-1
567181,11,2,13,9
566978,2,8,10,-6
567569,11,6,17,5
565720,3,1,4,2
565912,1,2,3,-1
567278,4,6,10,-2
564751,2,6,8,-4
565136,0,4,4,-4
566193,14,1,15,13
564943,7,0,7,7
567077,2,4,6,-2
567471,3,6,9,-3
565522,3,4,7,-1
565327,1,2,3,-1
565234,12,11,23,1
567377,7,2,9,5
566780,1,0,1,1
567279,6,1,7,5
567570,1,3,4,-2
565426,10,9,19,1
566290,4,3,7,1
567472,7,3,10,4
565137,5,6,11,-1
565523,15,3,18,12
565328,4,5,9,-1
567378,9,2,11,7
566194,4,6,10,-2
564944,0,3,3,-3
567078,10,8,18,2
564752,14,2,16,12
565235,2,9,11,-7
567280,15,2,17,13
567571,3,4,7,-1
566781,5,8,13,-3
565427,9,2,11,7
566291,7,6,13,1
565524,2,5,7,-3
565329,10,0,10,10
567379,3,1,4,2
566195,3,5,8,-2
567079,1,7,8,-6
567281,9,2,11,7
567572,2,3,5,-1
566782,2,10,12,-8
565428,7,8,15,-1
564753,10,4,14,6
566292,5,8,13,-3
565236,6,5,11,1
565138,5,13,18,-8
565237,4,12,16,-8
565330,9,1,10,8
567474,3,7,10,-4
564946,1,4,5,-3
566879,8,0,8,8
566680,1,12,13,-11
567573,3,5,8,-2
566583,0,6,6,-6
565139,6,5,11,1
565619,4,6,10,-2
566293,0,4,4,-4
565815,3,5,8,-2
565331,2,0,2,2
567475,4,5,9,-1
564947,8,5,13,3
566196,4,5,9,-1
566880,3,0,3,3
565525,5,2,7,3
566681,3,6,9,-3
567574,0,6,6,-6
566584,11,1,12,10
565140,2,5,7,-3
565620,12,2,14,10
565429,14,4,18,10
566102,0,2,2,-2
566294,7,6,13,1
565816,0,9,9,-9
566197,9,6,15,3
566682,3,2,5,1
567575,3,7,10,-4
566585,5,0,5,5
566295,2,3,5,-1
565332,3,5,8,-2
567476,10,1,11,9
564948,2,1,3,1
566881,9,1,10,8
565526,3,10,13,-7
565141,2,3,5,-1
565621,0,9,9,-9
566103,4,5,9,-1
565817,4,9,13,-5
565527,13,0,13,13
565142,1,4,5,-3
565431,11,12,23,-1
566104,3,0,3,3
567477,1,3,4,-2
566586,4,17,21,-13
565622,2,4,6,-2
564847,2,3,5,-1
565818,6,0,6,6
565143,7,0,7,7
564949,8,3,11,5
566882,3,4,7,-1
565043,1,14,15,-13
566005,2,11,13,-9
566683,4,3,7,1
565623,0,3,3,-3
566979,0,6,6,-6
566587,2,1,3,1
565721,1,5,6,-4
565432,2,12,14,-10
566105,3,4,7,-1
564848,2,1,3,1
565819,0,5,5,-5
566487,7,0,7,7
565044,5,9,14,-4
566588,2,1,3,1
565144,1,2,3,-1
566883,7,2,9,5
564950,7,2,9,5
566106,2,3,5,-1
566684,2,7,9,-5
566006,1,4,5,-3
565722,7,0,7,7
565433,4,3,7,1
565624,4,11,15,-7
564849,6,4,10,2
566488,5,4,9,1
565820,5,2,7,3
564951,1,5,6,-4
565045,2,11,13,-9
566884,5,1,6,4
566685,7,1,8,6
565625,5,15,20,-10
566981,5,3,8,2
566589,10,6,16,4
565723,6,1,7,5
565434,7,10,17,-3
566489,5,6,11,-1
566107,5,3,8,2
565821,0,6,6,-6
564850,5,3,8,2
565145,1,4,5,-3
567080,4,7,11,-3
565528,8,1,9,7
566982,5,4,9,1
567282,2,5,7,-3
564851,3,9,12,-6
566390,5,6,11,-1
567283,9,0,9,9
565238,3,1,4,2
565913,6,2,8,4
567081,6,1,7,5
565046,5,4,9,1
565529,11,4,15,7
567380,4,0,4,4
567182,14,3,17,11
566983,3,4,7,-1
565724,5,11,16,-6
564852,6,2,8,4
566490,7,3,10,4
565822,3,6,9,-3
566391,3,4,7,-1
566984,7,8,15,-1
564853,1,11,12,-10
566491,3,4,7,-1
565239,5,6,11,-1
565914,1,5,6,-4
567082,5,2,7,3
565047,5,6,11,-1
565530,5,1,6,4
567381,1,0,1,1
567183,0,4,4,-4
565725,6,1,7,5
565823,0,2,2,-2
565915,6,7,13,-1
567083,11,3,14,8
565531,17,3,20,14
565726,16,1,17,15
565334,7,14,21,-7
565240,2,4,6,-2
567184,2,10,12,-8
567284,2,4,6,-2
566296,3,4,7,-1
566392,11,6,17,5
565916,14,6,20,8
567084,4,5,9,-1
567481,3,4,7,-1
565335,5,1,6,4
565048,3,1,4,2
565241,6,0,6,6
565532,7,2,9,5
567382,6,8,14,-2
567185,8,12,20,-4
566783,3,7,10,-4
567285,10,2,12,8
564854,0,7,7,-7
564754,2,5,7,-3
566297,5,3,8,2
566393,7,1,8,6
567482,2,1,3,1
566784,8,2,10,6
567085,1,2,3,-1
565336,1,4,5,-3
565242,0,4,4,-4
565533,4,1,5,3
567383,0,2,2,-2
565049,7,3,10,4
565917,2,5,7,-3
567186,3,4,7,-1
566298,7,2,9,5
564755,3,6,9,-3
564855,8,5,13,3
566394,18,4,22,14
565050,3,4,7,-1
567086,5,7,12,-2
567483,5,13,18,-8
565337,0,10,10,-10
565243,8,3,11,5
567384,0,3,3,-3
567187,3,2,5,1
567287,5,2,7,3
566785,4,5,9,-1
564756,5,1,6,4
566299,6,4,10,2
564856,3,2,5,1
566395,4,7,11,-3
565918,6,5,11,1
566885,12,2,14,10
565338,6,4,10,2
564952,10,7,17,3
566008,3,5,8,-2
566786,9,10,19,-1
565146,5,4,9,1
565626,0,3,3,-3
566492,4,1,5,3
564757,3,1,4,2
566300,1,2,3,-1
565339,5,3,8,2
566198,5,0,5,5
565147,2,3,5,-1
564953,11,4,15,7
566886,3,10,13,-7
566009,5,6,11,-1
566686,7,3,10,4
565535,5,4,9,1
567576,3,0,3,3
566787,3,5,8,-2
565627,1,5,6,-4
566493,3,4,7,-1
564758,8,3,11,5
566301,2,3,5,-1
565340,7,2,9,5
567577,9,11,20,-2
566788,1,2,3,-1
566302,2,5,7,-3
566199,9,3,12,6
564954,7,5,12,2
566887,6,5,11,1
566010,1,6,7,-5
566687,1,8,9,-7
565536,6,3,9,3
565148,4,8,12,-4
565628,9,4,13,5
566494,9,2,11,7
566011,4,6,10,-2
566200,6,14,20,-8
564955,6,5,11,1
566888,8,2,10,6
565537,5,2,7,3
565149,9,7,16,2
566495,5,4,9,1
564759,16,7,23,9
565341,7,2,9,5
565629,4,0,4,4
565150,6,5,11,1
566201,10,2,12,8
565919,10,12,22,-2
566889,6,3,9,3
566012,9,8,17,1
565342,1,3,4,-2
565630,3,4,7,-1
566985,4,11,15,-7
567578,6,4,10,2
566592,5,2,7,3
565435,6,8,14,-2
566108,2,6,8,-4
564760,4,3,7,1
566496,18,2,20,16
566986,1,8,9,-7
565151,6,8,14,-2
566890,19,4,23,15
566497,10,4,14,6
565920,0,5,5,-5
566109,5,6,11,-1
566013,4,5,9,-1
565343,6,2,8,4
567579,7,2,9,5
565631,3,4,7,-1
566202,7,2,9,5
566593,3,6,9,-3
565436,9,6,15,3
564761,2,3,5,-1
566891,1,10,11,-9
566014,3,4,7,-1
565344,6,3,9,3
566203,11,7,18,4
565921,6,9,15,-3
565632,4,1,5,3
566987,0,7,7,-7
567580,1,9,10,-8
565729,7,8,15,-1
565152,10,2,12,8
565437,7,8,15,-1
566498,6,2,8,4
566110,1,7,8,-6
564762,6,7,13,-1
566594,4,3,7,1
564956,3,5,8,-2
565922,3,2,5,1
567484,2,5,7,-3
566688,3,8,11,-5
565633,5,6,11,-1
565438,3,4,7,-1
565051,5,12,17,-7
566111,5,8,13,-3
566988,5,4,9,1
565824,5,9,14,-4
566396,2,6,8,-4
567485,5,4,9,1
565245,6,11,17,-5
564957,3,0,3,3
567087,3,4,7,-1
565052,7,5,12,2
566689,1,3,4,-2
567385,3,11,14,-8
567188,5,4,9,1
565634,6,9,15,-3
567289,3,4,7,-1
566989,3,5,8,-2
565439,2,6,8,-4
566112,6,4,10,2
565825,7,3,10,4
566397,11,4,15,7
565246,7,2,9,5
567486,0,7,7,-7
566113,12,7,19,5
566398,8,7,15,1
565053,14,9,23,5
564958,4,2,6,2
567088,4,11,15,-7
566690,3,4,7,-1
567386,2,4,6,-2
567189,14,4,18,10
565635,2,1,3,1
567290,7,8,15,-1
565440,4,5,9,-1
565826,8,9,17,-1
567089,5,3,8,2
567387,3,1,4,2
565441,10,11,21,-1
566204,11,5,16,6
566691,3,14,17,-11
566789,4,2,6,2
567291,4,10,14,-6
565827,0,2,2,-2
566399,9,3,12,6
564959,6,9,15,-3
567488,1,4,5,-3
566205,4,9,13,-5
565247,3,9,12,-6
566692,5,3,8,2
567190,8,2,10,6
566790,2,6,8,-4
567292,1,6,7,-5
566595,1,2,3,-1
565442,6,13,19,-7
564857,5,4,9,1
566114,3,2,5,1
566400,3,4,7,-1
565828,3,6,9,-3
566303,2,5,7,-3
566693,6,2,8,4
567293,5,2,7,3
564960,8,2,10,6
566791,2,6,8,-4
566206,12,10,22,2
565248,5,2,7,3
567191,5,10,15,-5
566401,6,3,9,3
566596,4,7,11,-3
567489,3,5,8,-2
565443,2,4,6,-2
566115,5,1,6,4
564858,5,6,11,-1
565829,3,4,7,-1
566304,9,3,12,6
564961,8,1,9,7
565249,4,1,5,3
566694,9,7,16,2
567192,4,7,11,-3
566207,4,2,6,2
567294,0,2,2,-2
566597,1,2,3,-1
566792,1,5,6,-4
565444,1,5,6,-4
566116,6,4,10,2
564859,1,7,8,-6
566402,13,3,16,10
565830,0,8,8,-8
566305,9,3,12,6
567490,8,5,13,3
565129,1,8,9,-7
564860,3,1,4,2
566403,4,2,6,2
566306,2,8,10,-6
566208,12,5,17,7
565923,5,9,14,-4
566892,3,4,7,-1
566015,9,3,12,6
565538,6,9,15,-3
565345,2,5,7,-3
567581,16,0,16,16
565153,3,6,9,-3
566793,12,11,23,1
565730,8,3,11,5
566598,4,1,5,3
564861,9,0,9,9
564763,4,2,6,2
566404,11,5,16,6
566307,9,6,15,3
565924,4,6,10,-2
564862,2,3,5,-1
566308,7,5,12,2
566209,4,7,11,-3
566893,7,11,18,-4
566016,0,7,7,-7
565539,4,0,4,4
565346,7,9,16,-2
567582,8,3,11,5
565154,8,9,17,-1
566794,1,2,3,-1
565731,8,0,8,8
564764,9,10,19,-1
566405,1,14,15,-13
566017,3,7,10,-4
566210,1,6,7,-5
565540,6,1,7,5
565732,7,5,12,2
566600,1,3,4,-2
567583,1,5,6,-4
565155,3,1,4,2
566406,8,7,15,1
566894,6,2,8,4
565347,5,4,9,1
566795,3,4,7,-1
564765,7,4,11,3
566309,4,5,9,-1
565156,1,3,4,-2
567090,2,4,6,-2
566895,8,2,10,6
566018,5,1,6,4
565054,5,1,6,4
565541,6,3,9,3
567388,7,1,8,6
565348,2,5,7,-3
566796,5,3,8,2
565636,3,4,7,-1
567584,4,10,14,-6
565733,4,6,10,-2
564766,6,2,8,4
566310,4,5,9,-1
566499,1,2,3,-1
565734,2,0,2,2
566896,6,0,6,6
567091,1,4,5,-3
565637,4,1,5,3
565542,3,9,12,-6
567389,1,0,1,1
565349,4,8,12,-4
567585,3,5,8,-2
566019,3,5,8,-2
566500,7,2,9,5
565157,4,9,13,-5
564767,3,12,15,-9
566311,4,1,5,3
565056,6,1,7,5
567092,4,3,7,1
566897,8,2,10,6
566020,1,6,7,-5
565543,12,2,14,10
567390,7,6,13,1
565350,7,6,13,1
565638,0,4,4,-4
567586,2,5,7,-3
565735,5,2,7,3
566798,9,8,17,1
566501,1,0,1,1
564768,9,3,12,6
566312,5,2,7,3
565158,1,5,6,-4
567093,13,8,21,5
566695,2,6,8,-4
565057,4,3,7,1
567391,4,1,5,3
567193,7,13,20,-6
567295,12,1,13,11
565445,5,6,11,-1
564769,3,5,8,-2
564962,2,4,6,-2
567094,4,7,11,-3
565351,1,2,3,-1
566696,4,3,7,1
565058,9,5,14,4
567392,7,1,8,6
566990,5,6,11,-1
567296,5,7,12,-2
565639,8,10,18,-2
565736,2,3,5,-1
565446,3,10,13,-7
566502,5,6,11,-1
564770,3,5,8,-2
566697,6,2,8,4
565352,7,2,9,5
565447,10,1,11,9
565059,3,4,7,-1
564963,8,6,14,2
567095,2,0,2,2
567393,0,9,9,-9
567200,7,8,15,-1
566991,9,6,15,3
565640,6,3,9,3
565737,3,2,5,1
566503,2,4,6,-2
567201,5,6,11,-1
566992,5,10,15,-5
565925,5,0,5,5
564964,12,3,15,9
566698,5,3,8,2
565060,6,7,13,-1
565738,3,7,10,-4
567297,4,5,9,-1
565448,6,9,15,-3
565831,3,7,10,-4
564965,13,2,15,11
565926,3,7,10,-4
565544,13,4,17,9
566022,9,5,14,4
566699,4,9,13,-5
565250,7,1,8,6
567394,11,0,11,11
567202,8,9,17,-1
565641,2,15,17,-13
566993,0,2,2,-2
567298,2,10,12,-8
565449,16,12,28,4
566117,9,2,11,7
565832,3,5,8,-2
566504,3,5,8,-2
566700,5,3,8,2
564966,7,2,9,5
565927,10,3,13,7
566505,7,8,15,-1
565642,2,7,9,-5
565545,4,2,6,2
567395,3,4,7,-1
566023,7,8,15,-1
565251,4,3,7,1
566994,4,5,9,-1
567299,8,4,12,4
567203,6,5,11,1
565450,8,14,22,-6
566118,2,11,13,-9
565833,2,1,3,1
564967,8,6,14,2
565546,8,0,8,8
566024,4,3,7,1
566701,5,6,11,-1
565252,3,11,14,-8
567396,5,4,9,1
567204,1,15,16,-14
565928,5,15,20,-10
565643,12,0,12,12
566995,8,6,14,2
567300,10,3,13,7
565451,14,13,27,1
566506,5,3,8,2
566119,6,3,9,3
565834,2,3,5,-1
567493,0,3,3,-3
566898,10,5,15,5
565253,2,3,5,-1
567205,3,12,15,-9
566799,2,7,9,-5
566996,2,0,2,2
566601,0,5,5,-5
566120,2,3,5,-1
566407,6,4,10,2
565835,3,2,5,1
566313,0,2,2,-2
566211,5,4,9,1
567494,3,6,9,-3
566899,3,1,4,2
565254,3,4,7,-1
567206,10,2,12,8
566800,10,3,13,7
565159,3,1,4,2
566997,3,4,7,-1
566602,6,0,6,6
564863,8,1,9,7
566121,2,16,18,-14
566408,9,0,9,9
565836,0,9,9,-9
566314,1,4,5,-3
565255,2,3,5,-1
567495,1,12,13,-11
566122,3,8,11,-5
566315,7,8,15,-1
566409,2,8,10,-6
566212,7,8,15,-1
566900,11,6,17,5
567207,2,7,9,-5
566801,10,4,14,6
565160,3,7,10,-4
566998,9,4,13,5
566603,1,2,3,-1
564864,6,4,10,2
565837,2,9,11,-7
566802,2,4,6,-2
564865,6,4,10,2
565932,4,7,11,-3
567496,6,10,16,-4
566901,5,7,12,-2
566604,7,6,13,1
565161,4,7,11,-3
567587,7,1,8,6
565739,1,4,5,-3
566123,4,5,9,-1
566410,2,5,7,-3
565838,8,9,17,-1
565162,5,4,9,1
566213,1,2,3,-1
565933,3,4,7,-1
567096,2,1,3,1
567497,1,4,5,-3
565353,6,7,13,-1
565061,5,7,12,-2
566803,5,4,9,1
567588,11,7,18,4
566605,1,5,6,-4
565740,8,7,15,1
564866,11,5,16,6
566124,5,3,8,2
565839,2,4,6,-2
566411,9,10,19,-1
566606,2,4,6,-2
565741,5,3,8,2
565163,10,2,12,8
566214,3,6,9,-3
565062,8,7,15,1
567097,5,3,8,2
566125,2,4,6,-2
565354,0,2,2,-2
566412,8,4,12,4
567589,5,6,11,-1
565840,4,5,9,-1
565934,13,9,22,4
567498,5,7,12,-2
566804,5,6,11,-1
564867,7,4,11,3
565063,6,1,7,5
567098,6,4,10,2
565355,3,8,11,-5
566215,10,11,21,-1
565935,4,3,7,1
567499,9,4,13,5
567590,5,7,12,-2
565742,1,6,7,-5
565164,3,5,8,-2
566805,4,7,11,-3
566126,8,2,10,6
565841,3,6,9,-3
566413,3,13,16,-10
564868,2,3,5,-1
566607,6,4,10,2
567099,7,13,20,-6
567500,8,10,18,-2
565356,2,3,5,-1
565064,5,6,11,-1
565165,3,8,11,-5
564869,5,8,13,-3
566507,2,0,2,2
564968,8,3,11,5
567100,5,7,12,-2
567501,3,4,7,-1
565357,8,6,14,2
565547,5,3,8,2
565065,3,6,9,-3
567397,6,1,7,5
565166,3,2,5,1
565644,1,5,6,-4
566999,4,9,13,-5
567591,8,3,11,5
566608,7,3,10,4
564870,3,2,5,1
566508,2,4,6,-2
564771,1,5,6,-4
565066,8,7,15,1
567502,7,8,15,-1
565358,3,5,8,-2
564969,10,5,15,5
564871,2,8,10,-6
566509,6,3,9,3
567101,4,5,9,-1
565548,4,1,5,3
567398,7,5,12,2
566609,2,0,2,2
565167,5,3,8,2
564772,1,5,6,-4
565645,14,2,16,12
567000,4,6,10,-2
567592,4,2,6,2
567102,3,6,9,-3
565549,3,1,4,2
567001,5,2,7,3
565646,10,0,10,10
567593,2,4,6,-2
565168,7,9,16,-2
567399,8,5,13,3
565452,12,8,20,4
566512,5,1,6,4
564773,3,8,11,-5
564970,0,13,13,-13
566902,2,6,8,-4
565256,3,6,9,-3
565550,3,1,4,2
566702,5,0,5,5
566025,6,2,8,4
567400,2,6,8,-4
565647,1,2,3,-1
567301,4,6,10,-2
567594,3,2,5,1
565453,9,13,22,-4
564774,7,2,9,5
566316,1,3,4,-2
566510,3,6,9,-3
565067,17,13,30,4
564971,0,13,13,-13
566903,5,7,12,-2
565257,6,0,6,6
565551,5,7,12,-2
566703,2,5,7,-3
566026,5,4,9,1
567401,6,9,15,-3
567302,10,3,13,7
565454,3,5,8,-2
565648,5,6,11,-1
567595,1,3,4,-2
566511,4,3,7,1
564775,4,0,4,4
566317,2,12,14,-10
565068,12,8,20,4
564972,2,0,2,2
566904,7,6,13,1
565258,6,8,14,-2
565552,2,1,3,1
566704,2,6,8,-4
567402,13,6,19,7
565649,1,6,7,-5
567303,3,4,7,-1
567596,1,2,3,-1
565455,10,5,15,5
566513,4,10,14,-6
564776,12,3,15,9
566318,5,3,8,2
566027,5,8,13,-3
566905,4,11,15,-7
566216,5,18,23,-13
566705,3,6,9,-3
565259,8,6,14,2
566319,13,2,15,11
566217,1,5,6,-4
565936,2,3,5,-1
566906,10,6,16,4
566706,3,6,9,-3
566028,2,4,6,-2
565260,4,5,9,-1
567208,2,0,2,2
566807,9,4,13,5
565456,9,8,17,1
565743,9,5,14,4
566127,6,8,14,-2
565842,4,5,9,-1
566320,10,4,14,6
566414,4,5,9,-1
565937,1,3,4,-2
566218,5,6,11,-1
566907,3,6,9,-3
566707,9,6,15,3
566029,5,1,6,4
565261,0,3,3,-3
567209,2,9,11,-7
566808,6,2,8,4
565457,4,2,6,2
565744,4,0,4,4
566128,4,3,7,1
566321,7,5,12,2
565843,4,5,9,-1
566415,5,2,7,3
565938,2,5,7,-3
565745,8,4,12,4
567306,11,5,16,6
565262,0,1,1,-1
566219,11,3,14,8
566129,2,7,9,-5
566416,5,4,9,1
566708,8,4,12,4
566908,8,7,15,1
567210,6,12,18,-6
566809,3,9,12,-6
565844,1,5,6,-4
565939,7,4,11,3
566220,7,6,13,1
566909,4,1,5,3
565553,9,6,15,3
566030,7,2,9,5
566709,8,4,12,4
567211,0,1,1,-1
565650,5,4,9,1
567002,6,15,21,-9
564872,0,8,8,-8
565845,3,2,5,1
566417,5,2,7,3
566514,9,4,13,5
567003,4,7,11,-3
566910,8,1,9,7
565940,0,6,6,-6
566221,2,12,14,-10
565263,7,2,9,5
565554,10,6,16,4
567212,5,4,9,1
566710,3,4,7,-1
565651,0,4,4,-4
566031,5,6,11,-1
567307,6,3,9,3
566515,4,8,12,-4
564873,2,4,6,-2
565846,3,1,4,2
566418,3,6,9,-3
566911,1,6,7,-5
565264,11,1,12,10
565555,6,3,9,3
566032,8,3,11,5
566711,1,2,3,-1
567213,3,4,7,-1
565941,2,5,7,-3
566222,5,6,11,-1
565652,10,11,21,-1
567004,4,1,5,3
567308,1,3,4,-2
566516,0,1,1,-1
564874,3,5,8,-2
565847,5,3,8,2
566419,7,4,11,3
566810,0,5,5,-5
565169,3,4,7,-1
567103,4,0,4,4
564973,16,4,20,12
567503,0,4,4,-4
565069,1,8,9,-7
565359,5,3,8,2
567403,4,8,12,-4
566811,8,9,17,-1
567597,10,7,17,3
565746,5,8,13,-3
566610,4,2,6,2
565458,2,3,5,-1
564777,0,13,13,-13
566130,1,5,6,-4
566322,5,3,8,2
567504,2,1,3,1
565170,4,10,14,-6
566131,2,13,15,-11
567404,4,2,6,2
565360,6,2,8,4
565747,1,4,5,-3
565070,11,2,13,9
566611,2,4,6,-2
567104,4,3,7,1
567598,4,5,9,-1
566812,7,6,13,1
565459,17,9,26,8
566323,7,5,12,2
564778,2,9,11,-7
564975,4,1,5,3
567105,3,4,7,-1
567505,2,4,6,-2
565361,3,4,7,-1
567405,6,2,8,4
567599,8,3,11,5
565748,12,8,20,4
566612,2,5,7,-3
565171,3,8,11,-5
566813,12,4,16,8
565460,9,10,19,-1
564779,3,6,9,-3
566132,2,3,5,-1
566324,4,1,5,3
565071,7,4,11,3
567106,16,2,18,14
567506,5,4,9,1
565362,6,8,14,-2
565072,8,10,18,-2
565172,6,3,9,3
567600,4,2,6,2
566613,0,7,7,-7
565749,2,5,7,-3
564780,6,9,15,-3
564976,8,1,9,7
567107,8,9,17,-1
567507,3,8,11,-5
565363,0,8,8,-8
565073,10,4,14,6
567406,7,12,19,-5
565173,3,4,7,-1
566814,9,2,11,7
567005,3,2,5,1
567601,1,13,14,-12
566614,3,1,4,2
565750,0,11,11,-11
565462,8,4,12,4
564781,2,7,9,-5
566133,2,9,11,-7
567006,14,4,18,10
566615,5,6,11,-1
567602,4,5,9,-1
565174,2,5,7,-3
565463,11,8,19,3
566134,2,10,12,-8
564977,2,9,11,-7
567108,7,2,9,5
565364,2,7,9,-5
565074,4,5,9,-1
567407,3,2,5,1
566815,19,4,23,15
565751,5,7,12,-2
564782,11,2,13,9
567408,3,4,7,-1
567109,6,7,13,-1
565075,0,5,5,-5
565752,5,6,11,-1
565365,3,6,9,-3
565265,7,4,11,3
567214,13,4,17,9
567007,3,6,9,-3
564783,6,2,8,4
564875,5,1,6,4
566517,2,3,5,-1
565175,5,6,11,-1
564978,2,11,13,-9
566223,6,1,7,5
567510,2,8,10,-6
565366,5,10,15,-5
565266,12,11,23,1
565556,12,1,13,11
566712,9,2,11,7
567215,3,4,7,-1
565653,3,4,7,-1
567008,5,3,8,2
564876,7,10,17,-3
566420,0,10,10,-10
565848,1,2,3,-1
566518,0,1,1,-1
567511,5,11,16,-6
565176,5,6,11,-1
566519,11,4,15,7
565557,7,5,12,2
566713,2,1,3,1
564979,17,6,23,11
566224,1,5,6,-4
565367,1,0,1,1
565267,2,3,5,-1
565654,1,6,7,-5
567009,5,4,9,1
567216,5,3,8,2
564877,8,3,11,5
566421,6,2,8,4
565849,6,10,16,-4
564980,0,5,5,-5
567512,8,4,12,4
565368,4,5,9,-1
565268,3,1,4,2
565558,3,4,7,-1
566714,2,4,6,-2
566225,2,1,3,1
565655,3,5,8,-2
567010,6,7,13,-1
565177,5,1,6,4
566520,2,3,5,-1
566422,9,3,12,6
565850,0,9,9,-9
564878,7,4,11,3
567217,1,7,8,-6
566226,6,5,11,1
566912,7,3,10,4
566715,9,4,13,5
565656,1,11,12,-10
567309,1,9,10,-8
567011,6,8,14,-2
567603,6,5,11,1
564879,3,6,9,-3
566521,4,5,9,-1
566423,3,7,10,-4
565943,1,11,12,-10
566227,4,3,7,1
566913,1,2,3,-1
566033,2,5,7,-3
566716,5,4,9,1
565559,3,2,5,1
567218,5,4,9,1
565657,4,3,7,1
567310,5,1,6,4
567012,14,12,26,2
567604,14,6,20,8
564880,7,2,9,5
566522,4,5,9,-1
565851,5,4,9,1
566424,7,2,9,5
566717,2,3,5,-1
565560,4,0,4,4
565658,2,4,6,-2
567605,4,5,9,-1
564881,2,5,7,-3
566425,3,5,8,-2
566523,4,1,5,3
566228,14,8,22,6
566914,4,0,4,4
566034,7,2,9,5
567219,2,0,2,2
567311,2,0,2,2
567013,10,7,17,3
565852,3,2,5,1
566035,0,4,4,-4
566229,6,3,9,3
565945,8,7,15,1
565076,3,19,22,-16
567312,10,3,13,7
565753,5,4,9,1
564784,10,8,18,2
566135,11,3,14,8
566426,2,10,12,-8
565269,12,2,14,10
565946,4,2,6,2
567110,9,2,11,7
566915,3,1,4,2
566036,3,6,9,-3
567409,2,3,5,-1
565077,5,10,15,-5
567313,6,2,8,4
567606,2,3,5,-1
565754,8,3,11,5
566616,3,5,8,-2
564785,9,3,12,6
566136,5,2,7,3
566427,2,3,5,-1
566325,2,1,3,1
566916,9,10,19,-1
565947,9,3,12,6
565078,5,9,14,-4
566428,1,8,9,-7
567410,9,2,11,7
567111,15,7,22,8
565270,1,3,4,-2
566037,0,3,3,-3
567314,1,5,6,-4
567607,3,5,8,-2
565755,9,1,10,8
566617,8,2,10,6
566326,1,5,6,-4
564786,8,7,15,1
566137,4,5,9,-1
567112,4,9,13,-5
566917,10,9,19,1
565271,2,3,5,-1
566038,7,8,15,-1
567411,1,5,6,-4
565948,4,11,15,-7
567315,11,1,12,10
567608,11,4,15,7
565756,6,9,15,-3
566618,6,2,8,4
564787,4,5,9,-1
566138,5,6,11,-1
566429,2,3,5,-1
566327,7,6,13,1
565079,9,6,15,3
565949,3,6,9,-3
565272,6,11,17,-5
567412,6,11,17,-5
565757,7,3,10,4
565464,1,9,10,-8
564788,7,2,9,5
566328,1,8,9,-7
566329,8,5,13,3
567113,2,4,6,-2
565950,11,8,19,3
567513,4,2,6,2
565369,2,0,2,2
565273,11,4,15,7
565080,6,5,11,1
567413,2,1,3,1
566816,8,5,13,3
567316,5,2,7,3
566619,1,2,3,-1
565758,9,2,11,7
565465,9,4,13,5
564789,1,6,7,-5
566139,2,3,5,-1
565951,5,4,9,1
565274,1,4,5,-3
567514,5,7,12,-2
565759,4,1,5,3
565466,5,1,6,4
564790,9,1,10,8
567114,5,1,6,4
565370,4,10,14,-6
565081,8,5,13,3
567414,7,4,11,3
566817,7,9,16,-2
567317,4,2,6,2
566620,2,0,2,2
566140,4,2,6,2
567415,4,5,9,-1
567115,2,10,12,-8
567318,4,0,4,4
566141,3,5,8,-2
564981,11,2,13,9
565371,7,1,8,6
565082,9,4,13,5
566621,0,8,8,-8
565853,2,8,10,-6
565178,2,6,8,-4
566230,4,8,12,-4
564982,5,2,7,3
567116,4,3,7,1
567515,2,4,6,-2
565372,3,7,10,-4
567221,5,2,7,3
566818,4,5,9,-1
565659,2,10,12,-8
567014,9,11,20,-2
565467,4,5,9,-1
564882,3,0,3,3
565854,5,2,7,3
565179,1,4,5,-3
566718,6,8,14,-2
566231,7,5,12,2
564983,4,6,10,-2
567117,2,3,5,-1
565373,2,7,9,-5
565660,0,9,9,-9
567015,3,11,14,-8
567222,4,5,9,-1
566824,4,5,9,-1
564883,7,18,25,-11
565468,6,5,11,1
566142,3,8,11,-5
565855,1,4,5,-3
564984,5,6,11,-1
567118,10,5,15,5
565374,2,6,8,-4
566719,2,7,9,-5
567223,6,4,10,2
566232,13,2,15,11
565661,1,3,4,-2
567016,0,3,3,-3
565180,2,7,9,-5
566825,4,9,13,-5
565469,2,6,8,-4
566143,2,4,6,-2
564884,5,7,12,-2
565856,10,11,21,-1
567517,4,7,11,-3
564985,9,6,15,3
566233,9,7,16,2
565275,4,7,11,-3
565083,5,7,12,-2
565375,1,0,1,1
566720,2,0,2,2
565561,7,4,11,3
565181,5,6,11,-1
567017,3,5,8,-2
564885,7,3,10,4
566524,4,0,4,4
565857,0,8,8,-8
564986,9,4,13,5
566234,4,3,7,1
565276,4,8,12,-4
565084,6,2,8,4
566721,6,7,13,-1
566040,0,5,5,-5
565182,11,4,15,7
565662,6,11,17,-5
567018,12,7,19,5
564886,4,8,12,-4
566525,5,3,8,2
566430,9,4,13,5
565858,1,3,4,-2
566041,2,7,9,-5
566722,4,3,7,1
567019,11,7,18,4
565563,8,1,9,7
565663,3,14,17,-11
565183,1,10,11,-9
565859,1,2,3,-1
566526,4,1,5,3
566431,2,3,5,-1
564987,14,2,16,12
566235,8,3,11,5
564887,1,6,7,-5
566918,12,6,18,6
565086,0,3,3,-3
565277,12,5,17,7
565564,8,10,18,-2
567416,2,9,11,-7
567020,7,5,12,2
566527,0,5,5,-5
566330,3,9,12,-6
567319,7,0,7,7
564988,3,2,5,1
566919,2,8,10,-6
565087,4,16,20,-12
565278,2,5,7,-3
565565,2,5,7,-3
566042,6,7,13,-1
567417,8,4,12,4
567021,6,2,8,4
567609,5,6,11,-1
566622,2,6,8,-4
565860,3,2,5,1
566331,1,7,8,-6
566432,5,3,8,2
566528,9,6,15,3
566920,4,5,9,-1
565088,12,4,16,8
566529,1,3,4,-2
565566,7,0,7,7
567418,6,7,13,-1
564989,23,2,25,21
565279,1,10,11,-9
566043,3,4,7,-1
567022,1,4,5,-3
567320,2,3,5,-1
567610,2,3,5,-1
566623,1,3,4,-2
566332,5,8,13,-3
565861,0,4,4,-4
566433,5,4,9,1
565089,5,4,9,1
564990,7,8,15,-1
566921,1,0,1,1
565280,6,3,9,3
565567,10,2,12,8
566044,7,4,11,3
567419,5,4,9,1
567023,7,3,10,4
567321,2,0,2,2
567611,1,0,1,1
566624,9,11,20,-2
566333,8,3,11,5
565862,3,9,12,-6
566434,1,0,1,1
566530,6,9,15,-3
565952,6,7,13,-1
566922,4,19,23,-15
565378,5,6,11,-1
565470,8,6,14,2
564791,10,2,12,8
566334,10,4,14,6
565953,1,3,4,-2
567119,2,4,6,-2
567519,3,8,11,-5
566923,0,3,3,-3
565379,7,6,13,1
565568,11,6,17,5
567420,15,1,16,14
567224,3,5,8,-2
567612,7,5,12,2
565760,2,0,2,2
565471,9,3,12,6
566531,2,3,5,-1
564792,10,7,17,3
566335,7,5,12,2
566924,7,3,10,4
567520,5,6,11,-1
565380,5,1,6,4
567324,9,13,22,-4
567613,5,6,11,-1
565472,6,7,13,-1
566336,2,7,9,-5
566532,9,5,14,4
565954,7,17,24,-10
567120,1,11,12,-10
565569,2,3,5,-1
567421,9,1,10,8
567225,4,6,10,-2
564793,4,7,11,-3
565761,6,0,6,6
565570,7,2,9,5
567422,7,13,20,-6
567121,5,7,12,-2
567521,19,5,24,14
565281,1,2,3,-1
567226,10,8,18,2
566826,13,6,19,7
564888,7,0,7,7
566144,6,7,13,-1
564794,7,8,15,-1
566236,2,3,5,-1
567122,4,8,12,-4
567522,2,3,5,-1
565955,1,2,3,-1
566925,3,7,10,-4
565090,1,9,10,-8
565282,13,4,17,9
566723,2,0,2,2
567227,8,3,11,5
566827,4,3,7,1
565762,1,4,5,-3
565473,0,3,3,-3
564889,10,9,19,1
566145,2,3,5,-1
564795,7,2,9,5
567523,5,6,11,-1
566237,2,0,2,2
566926,4,3,7,1
566146,4,8,12,-4
566724,0,1,1,-1
565283,1,6,7,-5
567123,5,3,8,2
565956,15,14,29,1
565091,0,4,4,-4
565763,4,1,5,3
567228,3,4,7,-1
566828,12,7,19,5
564890,11,6,17,5
565474,4,11,15,-7
564796,5,6,11,-1
565092,7,13,20,-6
567124,3,2,5,1
567524,8,4,12,4
566927,7,0,7,7
565284,5,4,9,1
566725,4,5,9,-1
567229,3,5,8,-2
565957,8,16,24,-8
565764,11,5,16,6
566829,6,3,9,3
565475,6,7,13,-1
566147,4,1,5,3
564797,2,9,11,-7
564891,1,6,7,-5
566238,7,1,8,6
564991,5,4,9,1
566239,13,0,13,13
565285,3,2,5,1
566726,9,3,12,6
566625,0,3,3,-3
566830,7,8,15,-1
565664,4,5,9,-1
567024,6,4,10,2
564892,3,5,8,-2
564992,1,4,5,-3
566240,1,4,5,-3
566045,2,9,11,-7
565286,2,3,5,-1
566727,7,4,11,3
565093,3,2,5,1
567230,1,5,6,-4
566626,4,9,13,-5
565184,3,5,8,-2
565665,3,6,9,-3
567025,4,14,18,-10
564893,7,8,15,-1
566148,2,6,8,-4
565863,3,16,19,-13
565287,2,4,6,-2
566728,6,7,13,-1
567026,4,0,4,4
564894,7,2,9,5
564993,1,8,9,-7
566241,11,1,12,10
566832,7,8,15,-1
566046,3,4,7,-1
565094,5,2,7,3
567231,0,5,5,-5
565185,11,12,23,-1
565666,2,1,3,1
566149,4,6,10,-2
565864,1,2,3,-1
565186,0,1,1,-1
566242,7,1,8,6
564994,5,2,7,3
567232,2,3,5,-1
566628,5,6,11,-1
565667,3,6,9,-3
567325,1,6,7,-5
566150,3,5,8,-2
565865,2,3,5,-1
565187,9,3,12,6
566243,2,3,5,-1
564995,7,1,8,6
565381,1,4,5,-3
566048,2,1,3,1
567423,11,19,30,-8
565668,4,5,9,-1
567027,9,6,15,3
567326,3,8,11,-5
567614,1,6,7,-5
566629,3,8,11,-5
566337,11,0,11,11
566435,4,7,11,-3
565866,10,2,12,8
565188,7,2,9,5
565867,1,2,3,-1
567424,9,3,12,6
566244,0,14,14,-14
564996,1,7,8,-6
565669,2,5,7,-3
565382,2,4,6,-2
567028,5,8,13,-3
566049,9,5,14,4
567327,4,0,4,4
567615,0,4,4,-4
566630,0,6,6,-6
566338,5,4,9,1
566151,10,5,15,5
566436,7,5,12,2
564997,3,8,11,-5
565383,9,8,17,1
566050,2,1,3,1
567425,2,3,5,-1
566245,8,9,17,-1
565670,2,11,13,-9
567029,4,7,11,-3
567328,0,2,2,-2
567616,5,2,7,3
566631,4,11,15,-7
565189,7,5,12,2
566152,5,4,9,1
566339,1,3,4,-2
566437,1,3,4,-2
565868,5,1,6,4
565418,1,3,4,-2
567125,5,6,11,-1
567617,12,2,14,10
567426,6,3,9,3
565765,19,4,23,15
566533,6,4,10,2
566340,3,4,7,-1
566438,5,4,9,1
565958,2,0,2,2
567126,5,4,9,1
566928,1,3,4,-2
565571,10,1,11,9
566051,5,2,7,3
567427,8,5,13,3
567618,6,3,9,3
565671,1,15,16,-14
567329,3,1,4,2
565766,2,1,3,1
565476,10,6,16,4
566534,3,2,5,1
564798,2,5,7,-3
566341,9,0,9,9
566439,7,0,7,7
567619,1,4,5,-3
566440,7,3,10,4
567127,3,12,15,-9
565959,4,8,12,-4
566929,9,4,13,5
565572,4,2,6,2
566052,10,7,17,3
567428,5,0,5,5
565672,6,8,14,-2
567330,8,2,10,6
565767,4,6,10,-2
565477,7,4,11,3
566342,6,4,10,2
564799,3,0,3,3
565573,2,0,2,2
565768,9,8,17,1
565673,9,8,17,1
567331,10,5,15,5
566053,4,1,5,3
567429,3,4,7,-1
566833,5,3,8,2
565478,11,8,19,3
564895,5,11,16,-6
566535,5,3,8,2
565190,1,7,8,-6
567128,11,5,16,6
565960,6,7,13,-1
567525,8,2,10,6
566930,7,4,11,3
566729,0,4,4,-4
565574,13,5,18,8
567233,7,10,17,-3
566834,3,6,9,-3
565769,14,2,16,12
565479,9,4,13,5
564896,4,5,9,-1
564800,7,6,13,1
566536,3,8,11,-5
567526,3,4,7,-1
565191,2,0,2,2
566931,4,6,10,-2
567129,6,3,9,3
566730,6,9,15,-3
565575,7,10,17,-3
565961,0,7,7,-7
565770,5,7,12,-2
567234,5,11,16,-6
566835,2,3,5,-1
564897,5,6,11,-1
565480,11,4,15,7
566537,4,1,5,3
564801,4,10,14,-6
567527,4,5,9,-1
566932,2,0,2,2
566731,2,8,10,-6
565576,8,3,11,5
565962,3,9,12,-6
565771,4,6,10,-2
565192,4,0,4,4
566836,11,3,14,8
565481,6,2,8,4
566538,8,4,12,4
564802,4,3,7,1
564898,4,3,7,1
567235,3,5,8,-2
567130,2,5,7,-3
565963,7,3,10,4
567528,7,0,7,7
566732,4,5,9,-1
565577,4,3,7,1
567236,3,6,9,-3
565288,7,1,8,6
566635,1,3,4,-2
565193,1,5,6,-4
564899,7,14,21,-7
567620,3,2,5,1
565384,3,11,14,-8
565869,9,16,25,-7
567529,1,10,11,-9
565289,6,2,8,4
565964,10,11,21,-1
566246,5,4,9,1
565095,6,5,11,1
565385,6,5,11,1
567237,2,7,9,-5
567621,2,4,6,-2
566636,0,1,1,-1
565194,1,6,7,-5
565772,5,6,11,-1
564900,1,2,3,-1
566153,5,7,12,-2
565870,3,5,8,-2
565965,8,4,12,4
567530,1,4,5,-3
565290,5,8,13,-3
566247,5,6,11,-1
565096,2,6,8,-4
565386,6,8,14,-2
566637,9,8,17,1
565773,4,5,9,-1
564901,1,4,5,-3
566154,0,4,4,-4
565871,3,7,10,-4
565291,3,4,7,-1
565387,7,1,8,6
565774,6,4,10,2
566638,0,10,10,-10
566155,6,10,16,-4
564998,3,1,4,2
566248,10,7,17,3
566735,4,6,10,-2
565097,2,1,3,1
567622,10,5,15,5
567238,2,4,6,-2
565674,9,11,20,-2
566249,4,9,13,-5
564999,7,6,13,1
565292,7,5,12,2
566736,0,5,5,-5
566054,4,5,9,-1
567430,3,0,3,3
565098,1,6,7,-5
567239,3,4,7,-1
565675,4,7,11,-3
567030,6,2,8,4
567332,5,4,9,1
567623,1,7,8,-6
566156,5,4,9,1
566343,3,2,5,1
565872,5,4,9,1
565099,5,1,6,4
565293,2,0,2,2
566737,3,5,8,-2
567431,7,2,9,5
566250,10,1,11,9
565000,9,4,13,5
565676,1,2,3,-1
567031,3,5,8,-2
566055,5,0,5,5
567333,8,7,15,1
567624,2,3,5,-1
567240,4,5,9,-1
566344,0,3,3,-3
566157,2,10,12,-8
565873,1,0,1,1
565001,10,4,14,6
565294,3,4,7,-1
566738,3,8,11,-5
566056,10,7,17,3
567432,0,9,9,-9
567241,9,4,13,5
566251,2,0,2,2
565677,1,21,22,-20
567032,5,2,7,3
567334,1,5,6,-4
567625,5,8,13,-3
566158,1,3,4,-2
566345,1,2,3,-1
565874,0,5,5,-5
565100,10,5,15,5
567131,7,2,9,5
566057,1,3,4,-2
565101,5,0,5,5
567433,8,3,11,5
565678,0,15,15,-15
566539,6,4,10,2
564803,6,2,8,4
566346,10,2,12,8
565578,11,12,23,-1
565002,7,3,10,4
567132,5,6,11,-1
566933,3,4,7,-1
566058,2,3,5,-1
567434,4,3,7,1
567033,0,5,5,-5
566837,5,3,8,2
565679,21,7,28,14
567335,3,7,10,-4
565482,1,2,3,-1
566540,4,5,9,-1
564804,8,0,8,8
566347,8,9,17,-1
566441,3,4,7,-1
565003,3,7,10,-4
567133,3,1,4,2
566934,0,8,8,-8
566059,0,9,9,-9
567435,7,5,12,2
567034,6,2,8,4
566838,9,10,19,-1
564805,4,3,7,1
565680,5,3,8,2
567336,8,6,14,2
565483,1,2,3,-1
566541,6,3,9,3
566348,0,4,4,-4
566442,3,5,8,-2
566060,1,11,12,-10
567436,3,2,5,1
567337,6,3,9,3
565484,10,3,13,7
566349,4,1,5,3
566542,4,2,6,2
566935,7,4,11,3
565004,4,2,6,2
567134,5,9,14,-4
567035,12,6,18,6
566839,4,6,10,-2
565681,3,2,5,1
566443,11,5,16,6
565195,8,17,25,-9
565966,5,0,5,5
566936,5,6,11,-1
565581,6,2,8,4
566061,9,2,11,7
566840,14,9,23,5
565775,4,1,5,3
566639,0,10,10,-10
565485,8,10,18,-2
564902,4,3,7,1
564806,11,4,15,7
566444,9,7,16,2
566543,0,1,1,-1
565196,1,14,15,-13
566937,13,3,16,10
565967,10,1,11,9
565582,4,8,12,-4
567135,2,1,3,1
566062,0,3,3,-3
565776,6,1,7,5
566640,5,2,7,3
566841,8,6,14,2
564903,0,1,1,-1
565486,10,11,21,-1
566544,4,2,6,2
564807,3,1,4,2
566445,1,2,3,-1
567136,6,3,9,3
566938,4,6,10,-2
565583,8,2,10,6
565390,5,7,12,-2
565968,0,7,7,-7
565777,12,3,15,9
566641,7,6,13,1
565197,6,16,22,-10
566842,6,1,7,5
565487,5,10,15,-5
566545,1,2,3,-1
564808,4,6,10,-2
564904,3,1,4,2
566446,10,11,21,-1
566063,3,2,5,1
565584,2,5,7,-3
567036,3,5,8,-2
567626,1,5,6,-4
566642,2,4,6,-2
565198,2,8,10,-6
565488,4,9,13,-5
564905,5,7,12,-2
566159,6,5,11,1
567531,0,8,8,-8
566252,6,0,6,6
565005,8,5,13,3
565391,2,7,9,-5
565102,7,6,13,1
567242,5,4,9,1
567037,8,9,17,-1
567627,1,3,4,-2
566643,6,2,8,4
565199,4,2,6,2
565682,1,4,5,-3
565489,6,1,7,5
564906,12,6,18,6
566160,1,2,3,-1
565875,5,7,12,-2
566644,1,5,6,-4
565490,7,4,11,3
566161,0,1,1,-1
564907,4,5,9,-1
567532,3,2,5,1
566253,4,1,5,3
565006,11,10,21,1
565392,1,2,3,-1
565103,11,3,14,8
567243,4,1,5,3
567038,3,1,4,2
567628,2,1,3,1
565200,3,2,5,1
565876,8,7,15,1
565683,2,3,5,-1
567244,4,5,9,-1
566254,6,5,11,1
565104,4,5,9,-1
567629,1,5,6,-4
567533,1,9,10,-8
565007,8,4,12,4
565393,0,7,7,-7
565201,5,4,9,1
567039,5,8,13,-3
565202,2,1,3,1
565008,3,5,8,-2
567534,4,3,7,1
565295,8,1,9,7
566739,4,5,9,-1
565394,2,5,7,-3
565585,10,1,11,9
567437,6,4,10,2
567245,0,6,6,-6
565684,4,6,10,-2
567040,3,4,7,-1
567630,1,10,11,-9
566162,0,8,8,-8
565877,5,12,17,-7
566350,9,0,9,9
567535,2,7,9,-5
565203,9,8,17,1
565296,2,3,5,-1
566740,4,5,9,-1
565586,5,3,8,2
567438,10,4,14,6
565009,7,6,13,1
565685,8,4,12,4
567041,12,5,17,7
565395,9,4,13,5
567631,1,10,11,-9
567246,1,8,9,-7
566351,4,2,6,2
566163,3,12,15,-9
565878,4,2,6,2
565010,1,2,3,-1
567536,3,8,11,-5
565297,6,3,9,3
566741,7,4,11,3
565587,3,6,9,-3
567439,3,5,8,-2
567247,4,1,5,3
565686,5,13,18,-8
567042,8,12,20,-4
567632,3,4,7,-1
565204,3,2,5,1
566164,8,3,11,5
565879,4,7,11,-3
566352,4,6,10,-2
565396,1,10,11,-9
565969,2,7,9,-5
566939,10,11,21,-1
566742,4,7,11,-3
566064,8,4,12,4
564908,9,7,16,2
565588,4,2,6,2
565298,4,2,6,2
566255,2,9,11,-7
566940,11,4,15,7
566065,4,5,9,-1
566743,1,2,3,-1
566843,12,10,22,2
567338,11,0,11,11
565778,6,9,15,-3
564909,2,3,5,-1
566546,8,5,13,3
564809,2,3,5,-1
566353,6,3,9,3
566447,3,0,3,3
564910,7,9,16,-2
565589,5,1,6,4
565299,9,2,11,7
566256,2,4,6,-2
565971,2,5,7,-3
566941,2,3,5,-1
566066,3,10,13,-7
566744,0,4,4,-4
566844,10,3,13,7
567339,3,8,11,-5
565779,10,2,12,8
566547,1,2,3,-1
564810,3,2,5,1
566354,6,4,10,2
566448,3,0,3,3
565300,5,3,8,2
565590,10,4,14,6
566845,5,7,12,-2
566355,1,0,1,1
566548,3,8,11,-5
565972,3,6,9,-3
566257,5,9,14,-4
566067,4,2,6,2
567340,0,8,8,-8
564811,3,4,7,-1
566449,3,1,4,2
565973,2,8,10,-6
566258,5,6,11,-1
567137,4,5,9,-1
566942,6,2,8,4
565105,4,1,5,3
566068,2,4,6,-2
566846,14,7,21,7
565491,7,11,18,-4
566645,8,2,10,6
564911,3,6,9,-3
564812,4,0,4,4
566450,3,4,7,-1
566549,9,2,11,7
565106,9,4,13,5
565781,4,3,7,1
566943,1,4,5,-3
565974,7,10,17,-3
566550,2,0,2,2
567138,3,9,12,-6
566259,4,2,6,2
566646,8,6,14,2
566069,0,3,3,-3
566847,4,9,13,-5
564912,5,6,11,-1
565492,2,3,5,-1
564813,6,3,9,3
566451,1,0,1,1
565107,4,5,9,-1
565975,2,8,10,-6
566260,3,1,4,2
566551,9,0,9,9
567139,4,3,7,1
566848,1,6,7,-5
564814,8,5,13,3
566944,3,8,11,-5
564913,0,1,1,-1
566452,1,3,4,-2
566070,6,7,13,-1
567343,3,5,8,-2
565493,3,4,7,-1
566647,0,9,9,-9
565782,4,5,9,-1
317775,3,1,4,2
318969,1,4,5,-3
317733,4,1,5,3
317735,2,3,5,-1
317734,0,1,1,-1
317746,1,0,1,1
317739,2,1,3,1
317738,7,4,11,3
317742,0,4,4,-4
317736,5,3,8,2
317740,2,3,5,-1
317737,2,4,6,-2
317745,6,7,13,-1
317749,11,5,16,6
317741,5,3,8,2
317748,4,5,9,-1
317743,0,5,5,-5
317744,6,0,6,6
317747,7,3,10,4
317764,7,4,11,3
317763,7,4,11,3
317750,2,4,6,-2
317751,0,10,10,-10
317755,6,3,9,3
317761,4,5,9,-1
317762,0,6,6,-6
317753,3,7,10,-4
317757,2,8,10,-6
317759,1,2,3,-1
317754,8,3,11,5
317758,6,8,14,-2
317752,4,3,7,1
317756,6,5,11,1
317760,8,7,15,1
317766,12,13,25,-1
317778,3,4,7,-1
317765,5,7,12,-2
317769,5,6,11,-1
317772,1,3,4,-2
317774,4,5,9,-1
317773,0,3,3,-3
317768,2,3,5,-1
317777,9,3,12,6
317779,3,4,7,-1
317770,7,3,10,4
317771,4,8,12,-4
317776,6,7,13,-1
317767,0,5,5,-5
317784,6,2,8,4
317789,7,0,7,7
317780,5,1,6,4
317783,4,2,6,2
317787,6,2,8,4
317786,7,5,12,2
317782,4,2,6,2
317791,3,4,7,-1
317790,7,1,8,6
317788,5,11,16,-6
317781,3,8,11,-5
317785,0,1,1,-1
317802,2,5,7,-3
317799,1,2,3,-1
317798,5,4,9,1
317794,3,7,10,-4
317803,6,2,8,4
317801,3,1,4,2
317800,0,1,1,-1
317793,6,4,10,2
317797,7,4,11,3
317792,4,2,6,2
317808,10,6,16,4
317816,3,4,7,-1
317807,1,3,4,-2
317817,4,2,6,2
317818,4,0,4,4
317811,2,1,3,1
317810,4,5,9,-1
317805,1,2,3,-1
317809,1,7,8,-6
317812,6,4,10,2
317814,4,3,7,1
317806,6,3,9,3
317804,5,6,11,-1
317815,8,17,25,-9
317813,1,4,5,-3
317821,2,3,5,-1
317827,2,7,9,-5
317819,9,10,19,-1
317825,3,5,8,-2
317823,0,8,8,-8
317826,4,2,6,2
317822,1,3,4,-2
317820,3,1,4,2
317824,2,3,5,-1
317828,0,5,5,-5
317841,2,12,14,-10
317834,2,5,7,-3
317831,9,5,14,4
317833,8,3,11,5
317839,0,5,5,-5
317832,1,2,3,-1
317837,5,2,7,3
317830,7,5,12,2
317835,4,5,9,-1
317836,8,10,18,-2
317842,4,1,5,3
317829,6,7,13,-1
317840,8,9,17,-1
317838,4,0,4,4
317846,1,5,6,-4
317843,7,1,8,6
317857,6,2,8,4
317847,1,4,5,-3
317856,5,13,18,-8
317852,5,0,5,5
317845,6,4,10,2
317849,1,5,6,-4
317848,11,9,20,2
317850,5,4,9,1
317851,1,2,3,-1
317844,7,8,15,-1
317854,3,4,7,-1
317855,1,6,7,-5
317853,0,4,4,-4
317860,2,9,11,-7
317865,4,5,9,-1
317862,8,5,13,3
317871,4,6,10,-2
317867,2,8,10,-6
317866,4,7,11,-3
317863,13,7,20,6
317872,4,3,7,1
317864,5,2,7,3
317861,3,10,13,-7
317859,5,2,7,3
317869,4,1,5,3
317870,4,5,9,-1
317868,3,5,8,-2
317858,5,11,16,-6
317882,1,0,1,1
317875,3,6,9,-3
317876,7,3,10,4
317877,6,1,7,5
317874,3,2,5,1
317873,10,4,14,6
317881,7,1,8,6
317880,1,5,6,-4
317878,0,6,6,-6
317879,5,2,7,3
317888,0,1,1,-1
317890,3,8,11,-5
317896,3,7,10,-4
317897,18,3,21,15
317891,3,9,12,-6
317884,2,5,7,-3
317887,3,1,4,2
317883,3,2,5,1
317889,4,5,9,-1
317885,1,2,3,-1
317895,3,5,8,-2
317894,5,4,9,1
317892,5,3,8,2
317886,9,8,17,1
317893,2,4,6,-2
317906,6,14,20,-8
317909,2,1,3,1
317903,2,3,5,-1
317905,6,5,11,1
317911,12,2,14,10
317912,6,3,9,3
317899,1,9,10,-8
317902,4,3,7,1
317898,1,8,9,-7
317904,2,3,5,-1
317900,1,11,12,-10
317910,4,8,12,-4
317907,6,0,6,6
317901,1,4,5,-3
317908,0,1,1,-1
317915,3,5,8,-2
317919,4,3,7,1
317916,6,3,9,3
317914,5,3,8,2
317918,11,4,15,7
317924,10,3,13,7
317920,6,7,13,-1
317923,9,4,13,5
317913,10,2,12,8
317921,4,2,6,2
317922,2,0,2,2
317917,2,1,3,1
317928,9,4,13,5
317934,6,2,8,4
317937,4,1,5,3
317931,0,2,2,-2
317936,4,3,7,1
317933,5,4,9,1
317932,3,1,4,2
317939,4,3,7,1
317930,4,3,7,1
317925,9,1,10,8
317926,3,6,9,-3
317929,4,3,7,1
317935,4,1,5,3
317927,7,3,10,4
317943,1,6,7,-5
317946,2,3,5,-1
317951,4,5,9,-1
317942,4,0,4,4
317949,15,9,24,6
317947,5,1,6,4
317952,0,2,2,-2
317954,9,5,14,4
317948,1,4,5,-3
317945,4,9,13,-5
317940,3,2,5,1
317950,1,5,6,-4
317941,3,6,9,-3
317944,5,1,6,4
317968,3,2,5,1
317967,5,1,6,4
317963,2,6,8,-4
317962,0,12,12,-12
317969,5,3,8,2
317960,4,1,5,3
317958,4,3,7,1
317956,3,2,5,1
317959,1,5,6,-4
317965,1,6,7,-5
317955,4,6,10,-2
317957,7,4,11,3
317975,7,4,11,3
317978,2,3,5,-1
317979,4,1,5,3
317971,6,5,11,1
317974,5,6,11,-1
317976,5,9,14,-4
317972,4,0,4,4
317970,2,7,9,-5
317987,3,4,7,-1
317984,4,5,9,-1
317990,7,4,11,3
317993,1,2,3,-1
317991,2,9,11,-7
317980,0,5,5,-5
317985,1,2,3,-1
317992,2,3,5,-1
317988,0,2,2,-2
317982,11,2,13,9
317986,6,9,15,-3
317989,8,5,13,3
317994,3,1,4,2
317983,0,2,2,-2
317981,4,3,7,1
318001,7,5,12,2
318007,5,1,6,4
317998,4,5,9,-1
318004,7,2,9,5
318009,7,2,9,5
318002,8,2,10,6
318005,9,1,10,8
318008,0,3,3,-3
318006,2,4,6,-2
317995,2,3,5,-1
318000,1,5,6,-4
318003,3,7,10,-4
317997,7,6,13,1
317996,4,2,6,2
318013,4,2,6,2
318015,6,5,11,1
318014,5,4,9,1
318010,3,4,7,-1
318012,2,3,5,-1
318016,2,5,7,-3
318011,10,3,13,7
318017,1,2,3,-1
318018,2,3,5,-1
318027,5,2,7,3
318021,5,1,6,4
318022,6,7,13,-1
318030,9,5,14,4
318023,6,4,10,2
318019,5,0,5,5
318028,1,6,7,-5
318031,8,4,12,4
318024,7,6,13,1
318020,10,3,13,7
318025,1,13,14,-12
318026,9,18,27,-9
318032,2,3,5,-1
318029,5,3,8,2
318033,2,1,3,1
318040,3,7,10,-4
318037,7,5,12,2
318045,0,7,7,-7
318038,0,6,6,-6
318042,1,10,11,-9
318036,2,5,7,-3
318043,4,2,6,2
318035,1,0,1,1
318034,2,3,5,-1
318046,2,7,9,-5
318041,7,5,12,2
318044,1,2,3,-1
318047,3,4,7,-1
318048,0,4,4,-4
318052,2,6,8,-4
318060,2,7,9,-5
318053,5,6,11,-1
318049,8,4,12,4
318057,2,5,7,-3
318051,5,1,6,4
318058,3,4,7,-1
318054,4,7,11,-3
318050,1,4,5,-3
318055,3,2,5,1
318056,6,5,11,1
318059,1,4,5,-3
318062,0,2,2,-2
318061,5,2,7,3
318063,9,5,14,4
318065,4,6,10,-2
318064,1,2,3,-1
318074,4,1,5,3
318071,6,11,17,-5
318073,2,3,5,-1
318072,9,3,12,6
318070,3,4,7,-1
318067,2,6,8,-4
318069,3,4,7,-1
318068,8,3,11,5
318080,3,9,12,-6
318075,5,1,6,4
318076,7,1,8,6
318089,7,8,15,-1
318085,5,3,8,2
318088,1,3,4,-2
318086,4,2,6,2
318084,3,6,9,-3
318078,2,7,9,-5
318087,7,10,17,-3
318081,7,6,13,1
318083,0,4,4,-4
318082,0,2,2,-2
318079,2,1,3,1
318104,5,11,16,-6
318095,3,2,5,1
318099,1,8,9,-7
318096,5,8,13,-3
318097,0,5,5,-5
318090,4,5,9,-1
318091,5,0,5,5
318092,3,1,4,2
318100,4,2,6,2
318103,4,5,9,-1
318101,13,15,28,-2
318093,6,3,9,3
318102,3,12,15,-9
318098,0,9,9,-9
318094,3,2,5,1
318110,4,0,4,4
318106,3,4,7,-1
318112,3,4,7,-1
318111,6,3,9,3
318108,3,2,5,1
318105,1,2,3,-1
318107,7,5,12,2
318109,3,4,7,-1
318113,5,0,5,5
318120,4,5,9,-1
318118,6,1,7,5
318127,3,6,9,-3
318125,3,4,7,-1
318117,4,5,9,-1
318116,6,4,10,2
318114,5,4,9,1
318124,2,7,9,-5
318126,4,5,9,-1
318123,6,2,8,4
318115,9,8,17,1
318128,4,0,4,4
318119,9,8,17,1
318122,3,2,5,1
318121,6,4,10,2
318135,5,1,6,4
318140,1,7,8,-6
318131,8,2,10,6
318129,3,4,7,-1
318132,3,2,5,1
318136,2,5,7,-3
318133,2,3,5,-1
318141,2,8,10,-6
318142,5,2,7,3
318139,4,3,7,1
318138,1,5,6,-4
318130,13,9,22,4
318134,4,1,5,3
318143,2,6,8,-4
318137,0,7,7,-7
318157,2,4,6,-2
318147,1,3,4,-2
318144,1,3,4,-2
318146,9,6,15,3
318148,5,0,5,5
318154,9,5,14,4
318156,8,1,9,7
318153,10,4,14,6
318150,3,4,7,-1
318145,7,2,9,5
318158,3,4,7,-1
318149,6,3,9,3
318151,3,4,7,-1
318152,2,5,7,-3
318155,9,3,12,6
318170,14,3,17,11
318167,5,2,7,3
318160,1,5,6,-4
318166,4,0,4,4
318161,11,5,16,6
318159,8,3,11,5
318163,6,1,7,5
318169,9,6,15,3
318164,2,3,5,-1
318165,2,3,5,-1
318168,1,9,10,-8
318185,4,5,9,-1
318183,10,3,13,7
318179,7,4,11,3
318174,5,3,8,2
318182,3,5,8,-2
318172,3,1,4,2
318178,2,3,5,-1
318173,4,6,10,-2
318171,0,5,5,-5
318175,3,8,11,-5
318181,6,1,7,5
318176,1,3,4,-2
318184,3,7,10,-4
318177,6,4,10,2
318180,2,1,3,1
318190,2,1,3,1
318187,0,1,1,-1
318191,6,2,8,4
318199,5,2,7,3
318200,2,4,6,-2
318194,10,6,16,4
318189,8,1,9,7
318197,4,1,5,3
318193,5,3,8,2
318188,3,4,7,-1
318186,6,2,8,4
318196,7,2,9,5
318192,1,2,3,-1
318195,2,6,8,-4
318206,4,2,6,2
318203,3,5,8,-2
318201,8,3,11,5
318205,6,2,8,4
318202,10,6,16,4
318213,1,0,1,1
318219,3,4,7,-1
318216,3,7,10,-4
318217,2,6,8,-4
318210,5,7,12,-2
318221,7,3,10,4
318215,5,6,11,-1
318207,3,10,13,-7
318220,6,7,13,-1
318214,0,5,5,-5
318209,7,8,15,-1
318208,9,7,16,2
318218,1,5,6,-4
318212,4,11,15,-7
318211,3,7,10,-4
318222,4,2,6,2
318230,9,3,12,6
318224,2,8,10,-6
318232,2,6,8,-4
318228,2,5,7,-3
318234,3,5,8,-2
318231,2,1,3,1
318225,1,4,5,-3
318236,2,1,3,1
318235,2,1,3,1
318229,5,0,5,5
318223,7,2,9,5
318227,1,3,4,-2
318233,5,2,7,3
318226,1,2,3,-1
318247,6,2,8,4
318251,6,9,15,-3
318245,4,8,12,-4
318240,1,12,13,-11
318243,2,3,5,-1
318249,9,8,17,1
318246,2,3,5,-1
318250,3,4,7,-1
318244,9,1,10,8
318239,8,2,10,6
318238,7,4,11,3
318242,3,1,4,2
318241,5,11,16,-6
318248,7,3,10,4
318237,6,13,19,-7
318264,5,8,13,-3
318253,6,4,10,2
318258,1,5,6,-4
318261,8,5,13,3
318266,7,1,8,6
318265,1,6,7,-5
318254,3,1,4,2
318263,3,2,5,1
318260,1,3,4,-2
318259,3,1,4,2
318255,5,4,9,1
318257,5,7,12,-2
318262,5,0,5,5
318252,1,3,4,-2
318256,2,3,5,-1
318279,6,1,7,5
318273,3,4,7,-1
318270,5,0,5,5
318268,6,7,13,-1
318272,10,8,18,2
318280,0,5,5,-5
318277,0,4,4,-4
318276,2,5,7,-3
318281,4,3,7,1
318269,2,6,8,-4
318278,2,6,8,-4
318275,8,0,8,8
318274,7,4,11,3
318267,5,1,6,4
318271,5,4,9,1
318288,2,4,6,-2
318294,4,7,11,-3
318295,3,9,12,-6
318290,11,7,18,4
318291,1,8,9,-7
318286,6,3,9,3
318284,1,2,3,-1
318287,8,4,12,4
318292,1,4,5,-3
318293,9,2,11,7
318289,3,8,11,-5
318283,4,3,7,1
318282,1,6,7,-5
318285,2,7,9,-5
318296,4,1,5,3
318310,5,6,11,-1
318305,4,3,7,1
318301,4,9,13,-5
318307,5,4,9,1
318298,5,3,8,2
318297,9,7,16,2
318300,6,1,7,5
318311,5,7,12,-2
318309,5,3,8,2
318306,1,4,5,-3
318299,5,3,8,2
318302,0,7,7,-7
318308,8,7,15,1
318304,0,4,4,-4
318303,8,1,9,7
318317,3,2,5,1
318315,2,1,3,1
318323,0,6,6,-6
318316,4,6,10,-2
318319,3,2,5,1
318318,0,4,4,-4
318321,5,14,19,-9
318314,5,3,8,2
318326,4,1,5,3
318313,6,4,10,2
318320,11,3,14,8
318324,4,0,4,4
318312,7,2,9,5
318325,5,6,11,-1
318322,6,8,14,-2
318333,6,5,11,1
318336,0,2,2,-2
318338,4,3,7,1
318337,0,4,4,-4
318334,0,2,2,-2
318339,10,3,13,7
318329,2,5,7,-3
318335,5,4,9,1
318328,3,7,10,-4
318330,6,5,11,1
318341,5,6,11,-1
318331,7,5,12,2
318332,7,4,11,3
318327,2,3,5,-1
318340,0,6,6,-6
318353,3,4,7,-1
318349,5,3,8,2
318348,5,2,7,3
318351,6,5,11,1
318345,3,9,12,-6
318346,5,1,6,4
318344,2,0,2,2
318356,6,1,7,5
318343,2,0,2,2
318350,4,16,20,-12
318347,6,0,6,6
318354,6,4,10,2
318342,2,3,5,-1
318352,6,2,8,4
318355,5,6,11,-1
318359,8,6,14,2
318364,4,5,9,-1
318369,2,1,3,1
318362,6,0,6,6
318368,6,2,8,4
318358,1,4,5,-3
318361,4,7,11,-3
318360,4,8,12,-4
318366,4,3,7,1
318365,3,4,7,-1
318363,6,1,7,5
318357,1,2,3,-1
318367,1,6,7,-5
318372,1,4,5,-3
318375,3,5,8,-2
318379,3,2,5,1
318384,5,2,7,3
318376,2,3,5,-1
318383,5,8,13,-3
318371,3,4,7,-1
318374,6,7,13,-1
318373,1,2,3,-1
318378,9,2,11,7
318381,6,4,10,2
318380,0,4,4,-4
318377,8,7,15,1
318370,5,0,5,5
318382,3,1,4,2
318387,6,5,11,1
318394,3,1,4,2
318398,4,5,9,-1
318396,5,8,13,-3
318385,3,1,4,2
318397,3,5,8,-2
318390,2,4,6,-2
318399,1,4,5,-3
318391,3,8,11,-5
318386,1,2,3,-1
318389,8,4,12,4
318388,1,5,6,-4
318393,0,6,6,-6
318395,3,6,9,-3
318392,4,11,15,-7
318402,1,2,3,-1
318405,11,5,16,6
318401,3,6,9,-3
318406,14,7,21,7
318403,8,11,19,-3
318404,10,9,19,1
318400,3,0,3,3
318413,2,8,10,-6
318408,0,1,1,-1
318410,6,3,9,3
318417,1,6,7,-5
318419,7,4,11,3
318418,6,7,13,-1
318421,7,4,11,3
318420,3,14,17,-11
318411,10,6,16,4
318409,3,9,12,-6
318416,5,3,8,2
318414,7,1,8,6
318415,6,3,9,3
318412,3,1,4,2
318407,6,4,10,2
318432,0,9,9,-9
318426,6,3,9,3
318435,7,8,15,-1
318428,4,3,7,1
318436,8,4,12,4
318430,9,2,11,7
318424,7,14,21,-7
318433,3,5,8,-2
318425,3,10,13,-7
318423,2,3,5,-1
318422,5,3,8,2
318434,2,3,5,-1
318431,4,0,4,4
318427,3,6,9,-3
318429,5,8,13,-3
318440,5,7,12,-2
318447,0,2,2,-2
318448,3,2,5,1
318443,4,2,6,2
318438,4,10,14,-6
318449,4,3,7,1
318441,4,3,7,1
318439,6,12,18,-6
318446,3,8,11,-5
318450,6,12,18,-6
318445,2,0,2,2
318442,1,5,6,-4
318437,4,2,6,2
318444,3,4,7,-1
318451,7,2,9,5
318462,8,4,12,4
318465,8,2,10,6
318466,3,5,8,-2
318456,4,7,11,-3
318455,1,4,5,-3
318461,4,5,9,-1
318463,7,11,18,-4
318454,2,1,3,1
318458,5,8,13,-3
318452,2,4,6,-2
318453,2,6,8,-4
318464,2,4,6,-2
318459,3,2,5,1
318460,8,9,17,-1
318478,3,5,8,-2
318473,8,2,10,6
318470,8,1,9,7
318468,6,8,14,-2
318471,3,6,9,-3
318477,3,6,9,-3
318480,4,5,9,-1
318469,7,2,9,5
318481,1,3,4,-2
318479,10,3,13,7
318476,2,3,5,-1
318475,1,5,6,-4
318474,2,1,3,1
318467,1,3,4,-2
318488,6,3,9,3
318491,0,4,4,-4
318484,4,3,7,1
318493,6,8,14,-2
318485,1,2,3,-1
318483,1,4,5,-3
318486,4,6,10,-2
318492,10,6,16,4
318495,7,10,17,-3
318496,3,5,8,-2
318494,21,8,29,13
318487,5,13,18,-8
318490,6,5,11,1
318489,6,3,9,3
318482,4,1,5,3
318497,7,3,10,4
318498,5,11,16,-6
318499,6,2,8,4
318508,1,7,8,-6
318506,4,6,10,-2
318509,9,4,13,5
318503,7,2,9,5
318513,0,8,8,-8
318502,0,5,5,-5
318505,4,1,5,3
318510,0,2,2,-2
318512,4,7,11,-3
318511,8,2,10,6
318507,3,13,16,-10
318500,1,7,8,-6
318514,2,4,6,-2
318504,3,4,7,-1
318518,7,4,11,3
318525,9,3,12,6
318516,0,2,2,-2
318521,5,4,9,1
318522,6,2,8,4
318528,0,5,5,-5
318517,2,1,3,1
318527,10,8,18,2
318526,1,5,6,-4
318520,12,9,21,3
318515,4,2,6,2
318519,1,2,3,-1
318523,7,4,11,3
318524,3,4,7,-1
318529,2,3,5,-1
318539,5,1,6,4
318533,1,5,6,-4
318531,3,2,5,1
318536,5,1,6,4
318532,4,8,12,-4
318535,3,5,8,-2
318540,0,2,2,-2
318542,2,4,6,-2
318541,6,5,11,1
318538,6,3,9,3
318537,2,3,5,-1
318544,7,3,10,4
318534,0,2,2,-2
318530,6,0,6,6
318543,1,6,7,-5
318549,5,4,9,1
318545,2,3,5,-1
318546,4,3,7,1
318547,10,7,17,3
318584,4,0,4,4
318548,8,6,14,2
319074,1,12,13,-11
318553,4,2,6,2
318557,6,7,13,-1
318555,2,1,3,1
318562,0,7,7,-7
318551,8,6,14,2
318558,8,4,12,4
318550,11,0,11,11
318561,8,9,17,-1
318556,0,1,1,-1
318564,9,5,14,4
318552,10,0,10,10
318554,0,10,10,-10
318559,1,6,7,-5
318560,5,6,11,-1
318563,6,3,9,3
318575,6,5,11,1
318568,9,6,15,3
318572,3,5,8,-2
318570,6,5,11,1
318577,1,4,5,-3
318566,2,1,3,1
318573,4,5,9,-1
318565,2,1,3,1
318576,4,3,7,1
318571,4,2,6,2
318579,4,0,4,4
318567,0,8,8,-8
318569,1,6,7,-5
318574,8,6,14,2
318578,0,2,2,-2
318583,5,7,12,-2
318586,3,1,4,2
318585,8,3,11,5
318582,3,4,7,-1
318588,8,3,11,5
318591,1,7,8,-6
318590,7,3,10,4
318581,0,7,7,-7
318587,5,4,9,1
318580,8,2,10,6
318589,14,2,16,12
318592,3,4,7,-1
318598,2,4,6,-2
318602,9,6,15,3
318600,1,9,10,-8
318596,5,6,11,-1
318607,7,4,11,3
318604,5,1,6,4
318606,3,4,7,-1
318594,7,8,15,-1
318597,8,3,11,5
318603,5,9,14,-4
318595,6,2,8,4
318593,7,2,9,5
318601,8,9,17,-1
318599,0,1,1,-1
318605,5,0,5,5
318609,3,11,14,-8
318622,4,2,6,2
318620,2,5,7,-3
318617,4,6,10,-2
318621,2,5,7,-3
318608,11,5,16,6
318611,3,2,5,1
318612,1,10,11,-9
318618,5,2,7,3
318613,3,5,8,-2
318614,8,3,11,5
318610,0,2,2,-2
318619,13,4,17,9
318615,2,4,6,-2
318616,3,8,11,-5
318630,4,5,9,-1
318634,4,2,6,2
318637,4,3,7,1
318628,2,3,5,-1
318632,4,5,9,-1
318636,12,4,16,8
318624,8,2,10,6
318627,11,9,20,2
318633,5,6,11,-1
318625,4,1,5,3
318623,10,8,18,2
318635,5,0,5,5
318631,3,4,7,-1
318629,8,2,10,6
318626,7,6,13,1
318641,6,3,9,3
318639,1,4,5,-3
318640,3,0,3,3
318638,3,2,5,1
318654,6,8,14,-2
318656,4,2,6,2
318646,1,7,8,-6
318651,11,2,13,9
318644,2,1,3,1
318650,6,4,10,2
318647,3,4,7,-1
318643,1,9,10,-8
318653,7,11,18,-4
318649,1,2,3,-1
318645,6,1,7,5
318652,8,5,13,3
318642,2,5,7,-3
318655,5,4,9,1
318648,3,6,9,-3
318671,6,2,8,4
318669,1,7,8,-6
318661,3,5,8,-2
318666,9,1,10,8
318659,10,2,12,8
318665,3,2,5,1
318662,8,4,12,4
318658,0,1,1,-1
318668,9,8,17,1
318664,3,4,7,-1
318660,0,1,1,-1
318667,10,8,18,2
318657,2,1,3,1
318670,1,0,1,1
318663,0,10,10,-10
318674,5,12,17,-7
318678,9,6,15,3
318675,5,3,8,2
318679,8,2,10,6
318676,6,3,9,3
318681,6,12,18,-6
318672,11,3,14,8
318680,6,1,7,5
318677,3,4,7,-1
318673,3,5,8,-2
318682,6,2,8,4
318685,0,3,3,-3
318688,12,4,16,8
318695,0,2,2,-2
318693,7,2,9,5
318694,0,3,3,-3
318687,7,3,10,4
318689,0,11,11,-11
318684,2,4,6,-2
318690,2,6,8,-4
318692,5,3,8,2
318691,3,2,5,1
318683,5,0,5,5
318696,2,10,12,-8
318697,4,2,6,2
318686,6,7,13,-1
318708,5,3,8,2
318709,5,6,11,-1
318707,6,2,8,4
318706,7,10,17,-3
318703,1,4,5,-3
318710,9,2,11,7
318711,4,6,10,-2
318700,4,3,7,1
318702,4,1,5,3
318705,3,8,11,-5
318699,5,0,5,5
318704,4,3,7,1
318698,0,2,2,-2
318712,4,7,11,-3
318701,5,4,9,1
318718,0,5,5,-5
318725,9,5,14,4
318724,2,6,8,-4
318717,3,1,4,2
318714,2,0,2,2
318723,4,1,5,3
318719,0,3,3,-3
318722,4,5,9,-1
318721,5,3,8,2
318720,3,9,12,-6
318713,0,2,2,-2
318726,2,1,3,1
318727,1,2,3,-1
318716,1,2,3,-1
318715,7,4,11,3
318731,9,10,19,-1
318728,2,6,8,-4
318729,0,5,5,-5
318732,7,9,16,-2
318730,12,3,15,9
318736,6,7,13,-1
318733,1,7,8,-6
318734,5,3,8,2
318735,2,1,3,1
318740,2,3,5,-1
318748,3,6,9,-3
318749,5,4,9,1
318745,2,7,9,-5
318741,2,7,9,-5
318737,4,3,7,1
318738,0,5,5,-5
318742,5,7,12,-2
318743,2,0,2,2
318739,2,1,3,1
318751,10,9,19,1
318746,12,9,21,3
318744,0,3,3,-3
318747,5,12,17,-7
318750,7,3,10,4
318752,10,5,15,5
318758,2,1,3,1
318766,3,8,11,-5
318761,10,14,24,-4
318765,4,2,6,2
318755,1,8,9,-7
318763,3,1,4,2
318764,2,3,5,-1
318760,2,1,3,1
318756,6,7,13,-1
318753,3,4,7,-1
318757,5,15,20,-10
318754,0,7,7,-7
318759,1,4,5,-3
318762,0,6,6,-6
318771,1,2,3,-1
318769,1,4,5,-3
318772,2,5,7,-3
318770,1,9,10,-8
318767,4,1,5,3
318768,5,6,11,-1
318787,1,2,3,-1
318777,1,4,5,-3
318780,5,4,9,1
318773,4,1,5,3
318786,12,5,17,7
318781,4,6,10,-2
318775,2,0,2,2
318776,1,4,5,-3
318784,11,4,15,7
318779,1,0,1,1
318774,1,6,7,-5
318778,5,8,13,-3
318782,5,9,14,-4
318783,5,4,9,1
318801,7,1,8,6
318799,8,2,10,6
318791,11,7,18,4
318790,1,8,9,-7
318792,1,4,5,-3
318800,6,7,13,-1
318795,0,6,6,-6
318793,3,1,4,2
318802,3,1,4,2
318798,9,8,17,1
318788,4,8,12,-4
318796,4,3,7,1
318794,6,8,14,-2
318797,5,1,6,4
318789,5,10,15,-5
318810,4,3,7,1
318816,0,9,9,-9
318817,1,2,3,-1
318807,3,2,5,1
318803,4,9,13,-5
318805,1,7,8,-6
318814,11,8,19,3
318809,0,1,1,-1
318808,3,5,8,-2
318812,0,2,2,-2
318813,2,4,6,-2
318804,1,5,6,-4
318806,2,4,6,-2
318811,6,5,11,1
318825,3,8,11,-5
318819,1,7,8,-6
319845,9,6,15,3
318827,8,7,15,1
318822,1,3,4,-2
318823,1,6,7,-5
318826,8,7,15,1
318820,8,2,10,6
318828,0,8,8,-8
318818,1,4,5,-3
318829,2,4,6,-2
318824,1,0,1,1
318821,0,8,8,-8
318830,7,3,10,4
318839,4,5,9,-1
318833,4,6,10,-2
318843,1,5,6,-4
318831,1,8,9,-7
318841,5,2,7,3
318836,3,4,7,-1
318837,3,5,8,-2
318840,3,5,8,-2
318834,5,7,12,-2
318842,2,8,10,-6
318832,3,2,5,1
318844,12,5,17,7
318838,2,3,5,-1
318835,0,2,2,-2
318851,8,4,12,4
318848,4,5,9,-1
318847,12,5,17,7
318858,4,10,14,-6
318857,4,5,9,-1
318852,17,1,18,16
318853,2,1,3,1
318850,0,3,3,-3
318845,13,1,14,12
318854,11,7,18,4
318846,4,6,10,-2
318856,3,5,8,-2
318855,0,1,1,-1
318849,9,13,22,-4
318859,11,5,16,6
318869,5,4,9,1
318871,10,11,21,-1
318865,7,2,9,5
318863,4,3,7,1
318860,9,7,16,2
318866,5,2,7,3
318861,3,2,5,1
318870,7,3,10,4
318868,6,7,13,-1
318867,3,2,5,1
318862,0,1,1,-1
318864,0,5,5,-5
318879,0,4,4,-4
318877,8,9,17,-1
318875,14,7,21,7
318872,5,7,12,-2
318878,2,4,6,-2
318883,2,6,8,-4
318886,5,4,9,1
318882,3,4,7,-1
318885,2,10,12,-8
318880,4,3,7,1
318873,9,3,12,6
318884,14,5,19,9
318881,9,0,9,9
318874,5,0,5,5
318876,5,1,6,4
318890,0,4,4,-4
318887,2,11,13,-9
318899,7,3,10,4
318892,11,5,16,6
318894,2,3,5,-1
318891,2,1,3,1
318901,5,7,12,-2
318898,2,3,5,-1
318896,5,0,5,5
318900,8,4,12,4
318893,6,2,8,4
318897,2,7,9,-5
318888,2,10,12,-8
318889,2,3,5,-1
318913,2,5,7,-3
318907,6,2,8,4
318916,8,4,12,4
318908,5,3,8,2
318905,2,4,6,-2
318910,8,10,18,-2
318903,1,2,3,-1
318914,4,5,9,-1
318909,0,3,3,-3
318902,10,6,16,4
318915,2,0,2,2
318906,3,4,7,-1
318904,2,1,3,1
318912,3,1,4,2
318911,3,8,11,-5
318917,3,0,3,3
318924,2,11,13,-9
318926,6,4,10,2
318925,11,3,14,8
318920,4,1,5,3
318927,3,4,7,-1
318923,5,6,11,-1
318922,3,9,12,-6
318928,6,2,8,4
318919,1,6,7,-5
318921,8,2,10,6
318918,3,6,9,-3
318935,12,13,25,-1
318942,3,9,12,-6
318929,5,9,14,-4
318936,7,8,15,-1
318938,8,6,14,2
318937,3,6,9,-3
318940,1,11,12,-10
318932,3,10,13,-7
318939,4,7,11,-3
318943,2,19,21,-17
318934,3,2,5,1
318941,9,5,14,4
318931,2,3,5,-1
318933,1,3,4,-2
318930,5,4,9,1
318957,4,9,13,-5
318955,9,2,11,7
318951,4,6,10,-2
318954,4,3,7,1
318944,3,12,15,-9
318946,2,3,5,-1
318945,4,2,6,2
318950,7,6,13,1
318953,1,5,6,-4
318952,1,4,5,-3
318947,5,1,6,4
318958,4,5,9,-1
318949,1,4,5,-3
318948,1,4,5,-3
318956,8,6,14,2
318967,3,7,10,-4
318972,1,2,3,-1
318963,4,0,4,4
318964,0,2,2,-2
318970,5,6,11,-1
318971,1,3,4,-2
318965,9,6,15,3
318968,5,6,11,-1
318960,3,7,10,-4
318962,2,6,8,-4
318966,4,1,5,3
318959,7,9,16,-2
318961,1,2,3,-1
318979,2,4,6,-2
318977,5,1,6,4
318985,6,5,11,1
318986,10,3,13,7
318973,5,0,5,5
318975,8,7,15,1
318983,10,8,18,2
318982,5,1,6,4
318981,7,1,8,6
318987,2,4,6,-2
318978,3,2,5,1
318980,3,5,8,-2
318974,3,2,5,1
318976,6,0,6,6
318984,1,4,5,-3
318994,7,8,15,-1
318992,1,4,5,-3
319000,1,3,4,-2
318996,3,6,9,-3
318990,1,3,4,-2
319002,0,2,2,-2
318993,2,3,5,-1
319001,3,7,10,-4
318997,3,4,7,-1
318988,6,3,9,3
318989,0,3,3,-3
318991,6,5,11,1
318995,3,5,8,-2
318999,7,1,8,6
319009,1,7,8,-6
319016,7,6,13,1
319005,7,0,7,7
319007,4,3,7,1
319015,2,13,15,-11
319003,4,3,7,1
319011,5,3,8,2
319017,11,9,20,2
319008,4,5,9,-1
319004,0,6,6,-6
319006,4,2,6,2
319014,1,2,3,-1
319010,1,7,8,-6
319012,3,4,7,-1
319013,7,3,10,4
319020,1,8,9,-7
319024,7,2,9,5
319019,5,6,11,-1
319023,1,0,1,1
319031,3,5,8,-2
319021,3,1,4,2
319033,5,1,6,4
319026,5,7,12,-2
319027,6,3,9,3
319022,9,8,17,1
319029,7,10,17,-3
319028,2,6,8,-4
319030,1,2,3,-1
319032,3,2,5,1
319025,1,5,6,-4
319035,1,4,5,-3
319034,3,5,8,-2
319038,9,11,20,-2
319039,6,8,14,-2
319046,2,3,5,-1
319041,7,8,15,-1
319036,3,5,8,-2
319042,9,3,12,6
319037,3,6,9,-3
319048,1,2,3,-1
319044,6,4,10,2
319043,8,5,13,3
319040,2,3,5,-1
319045,7,6,13,1
319047,0,7,7,-7
319049,10,8,18,2
319053,0,3,3,-3
319063,4,0,4,4
319054,4,0,4,4
319056,1,6,7,-5
319051,7,3,10,4
319057,9,4,13,5
319052,2,1,3,1
319059,1,4,5,-3
319050,1,3,4,-2
319058,5,1,6,4
319055,2,3,5,-1
319060,7,2,9,5
319062,4,0,4,4
319061,2,4,6,-2
319064,6,8,14,-2
319075,3,6,9,-3
319065,5,3,8,2
319068,3,2,5,1
319067,1,5,6,-4
319076,3,5,8,-2
319072,9,4,13,5
319066,7,19,26,-12
319073,3,2,5,1
319071,4,5,9,-1
319069,2,0,2,2
319070,3,2,5,1
319077,13,0,13,13
319084,4,5,9,-1
319091,1,6,7,-5
319078,0,4,4,-4
319081,2,4,6,-2
319088,9,0,9,9
319080,7,5,12,2
319082,9,5,14,4
319087,9,6,15,3
319079,4,6,10,-2
319089,2,3,5,-1
319086,6,2,8,4
319083,2,8,10,-6
319090,6,1,7,5
319085,3,2,5,1
319104,3,4,7,-1
319101,9,6,15,3
319100,3,5,8,-2
319098,4,8,12,-4
319105,3,4,7,-1
319092,2,7,9,-5
319099,3,4,7,-1
319093,7,1,8,6
319096,10,6,16,4
319103,9,4,13,5
319095,1,10,11,-9
319102,7,8,15,-1
319094,2,1,3,1
319111,0,6,6,-6
319117,2,3,5,-1
319108,6,7,13,-1
319115,9,5,14,4
319107,1,5,6,-4
319109,4,3,7,1
319116,6,1,7,5
319112,2,4,6,-2
319110,1,3,4,-2
319113,0,1,1,-1
319114,3,4,7,-1
319119,10,2,12,8
319130,7,2,9,5
319118,11,10,21,1
319120,2,4,6,-2
319123,3,4,7,-1
319125,7,6,13,1
319129,3,4,7,-1
319132,6,1,7,5
319126,1,3,4,-2
319127,2,1,3,1
319121,1,4,5,-3
319124,8,13,21,-5
319122,5,9,14,-4
319131,1,6,7,-5
319128,2,3,5,-1
319140,8,5,13,3
319146,9,2,11,7
319145,6,5,11,1
319135,1,7,8,-6
319134,3,1,4,2
319138,1,5,6,-4
319144,2,1,3,1
319147,7,3,10,4
319142,3,7,10,-4
319141,2,6,8,-4
319136,0,12,12,-12
319139,3,12,15,-9
319137,8,6,14,2
319143,1,2,3,-1
319150,4,6,10,-2
319155,8,3,11,5
319156,1,2,3,-1
319162,15,7,22,8
319160,3,4,7,-1
319148,2,9,11,-7
319153,0,3,3,-3
319159,2,1,3,1
319157,7,5,12,2
319151,0,7,7,-7
319149,4,3,7,1
319152,2,3,5,-1
319158,4,5,9,-1
319154,2,8,10,-6
319161,4,7,11,-3
319164,1,3,4,-2
319166,2,0,2,2
319171,6,7,13,-1
319175,8,2,10,6
319163,1,2,3,-1
319167,8,3,11,5
319165,1,9,10,-8
319172,4,7,11,-3
319170,5,3,8,2
319168,3,6,9,-3
319169,3,6,9,-3
319173,4,1,5,3
319174,1,7,8,-6
319181,2,3,5,-1
319178,5,1,6,4
319189,3,1,4,2
319184,6,7,13,-1
319187,7,2,9,5
319190,5,2,7,3
319176,4,3,7,1
319179,4,2,6,2
319177,2,1,3,1
319185,4,11,15,-7
319183,2,8,10,-6
319180,2,6,8,-4
319182,4,1,5,3
319186,2,4,6,-2
319188,2,3,5,-1
319205,5,2,7,3
319193,2,3,5,-1
319191,7,1,8,6
319199,6,7,13,-1
319200,2,8,10,-6
319197,6,11,17,-5
319201,5,2,7,3
319203,6,3,9,3
319196,5,3,8,2
319204,10,1,11,9
319202,16,0,16,16
319194,5,3,8,2
319192,3,5,8,-2
319198,2,3,5,-1
319195,4,2,6,2
319212,2,6,8,-4
319210,4,10,14,-6
319208,4,7,11,-3
319206,3,5,8,-2
319211,5,3,8,2
319213,8,2,10,6
319209,3,1,4,2
319207,1,4,5,-3
319226,9,6,15,3
319222,14,9,23,5
319214,3,10,13,-7
319218,3,8,11,-5
319225,7,2,9,5
319223,1,6,7,-5
319224,6,5,11,1
319215,9,5,14,4
319217,0,11,11,-11
319228,0,6,6,-6
319216,3,0,3,3
319221,5,11,16,-6
319227,1,3,4,-2
319219,1,6,7,-5
319220,5,3,8,2
319241,2,3,5,-1
319233,1,5,6,-4
319235,10,0,10,10
319229,8,6,14,2
319234,3,4,7,-1
319237,6,1,7,5
319239,4,3,7,1
319232,5,12,17,-7
319238,1,2,3,-1
319240,2,4,6,-2
319243,4,1,5,3
319230,5,2,7,3
319231,9,7,16,2
319236,3,6,9,-3
319242,3,0,3,3
319248,4,1,5,3
319255,4,5,9,-1
319252,1,6,7,-5
319253,2,6,8,-4
319254,5,9,14,-4
319247,1,5,6,-4
319258,11,10,21,1
319256,2,4,6,-2
319246,7,2,9,5
319257,2,0,2,2
319250,4,0,4,4
319251,5,1,6,4
319249,6,7,13,-1
319245,0,2,2,-2
319244,3,2,5,1
319259,15,8,23,7
319261,5,4,9,1
319263,3,7,10,-4
319268,11,5,16,6
319264,2,8,10,-6
319267,4,14,18,-10
319262,6,7,13,-1
319265,7,8,15,-1
319269,3,4,7,-1
319260,7,2,9,5
319270,1,4,5,-3
319266,8,7,15,1
319280,8,0,8,8
319273,11,5,16,6
319282,6,7,13,-1
319277,1,7,8,-6
319281,5,0,5,5
319271,6,2,8,4
319275,3,8,11,-5
319274,4,3,7,1
319278,1,10,11,-9
319283,11,6,17,5
319284,8,0,8,8
319272,8,2,10,6
319285,2,7,9,-5
319279,1,4,5,-3
319288,3,12,15,-9
319289,3,2,5,1
319293,4,13,17,-9
319296,8,4,12,4
319287,4,0,4,4
319299,4,1,5,3
319295,3,2,5,1
319291,7,5,12,2
319297,4,6,10,-2
319292,4,2,6,2
319286,10,11,21,-1
319290,2,5,7,-3
319298,9,6,15,3
319300,3,5,8,-2
319294,2,1,3,1
319307,4,9,13,-5
319305,9,1,10,8
319306,0,3,3,-3
319304,5,0,5,5
319303,1,6,7,-5
319301,9,15,24,-6
319302,6,7,13,-1
319308,2,8,10,-6
319309,1,4,5,-3
319314,2,10,12,-8
319311,4,2,6,2
319321,3,6,9,-3
319320,0,3,3,-3
319312,0,2,2,-2
319318,6,5,11,1
319316,1,4,5,-3
319323,5,3,8,2
319310,6,8,14,-2
319317,3,9,12,-6
319322,16,4,20,12
319319,1,3,4,-2
319324,4,5,9,-1
319313,1,6,7,-5
319336,1,0,1,1
319339,3,1,4,2
319338,4,2,6,2
319329,1,6,7,-5
319326,0,3,3,-3
319330,7,10,17,-3
319335,4,5,9,-1
319327,4,0,4,4
319333,6,4,10,2
319331,3,2,5,1
319325,6,5,11,1
319332,1,6,7,-5
319337,11,6,17,5
319334,6,2,8,4
319328,1,3,4,-2
319344,8,10,18,-2
319351,2,6,8,-4
319350,6,2,8,4
319348,4,6,10,-2
319341,4,5,9,-1
319346,1,6,7,-5
319345,1,4,5,-3
319342,1,0,1,1
319353,6,7,13,-1
319340,2,4,6,-2
319352,8,3,11,5
319349,3,7,10,-4
319354,6,5,11,1
319343,6,7,13,-1
319347,0,3,3,-3
319356,0,4,4,-4
319364,1,3,4,-2
319362,14,3,17,11
319357,6,1,7,5
319363,2,7,9,-5
319366,2,9,11,-7
319367,5,4,9,1
319361,2,4,6,-2
319359,3,6,9,-3
319365,2,8,10,-6
319355,4,0,4,4
319358,0,2,2,-2
319360,2,0,2,2
319369,10,4,14,6
319378,7,8,15,-1
319376,7,5,12,2
319370,0,3,3,-3
319377,5,6,11,-1
319380,6,3,9,3
319381,1,4,5,-3
319374,4,2,6,2
319382,3,2,5,1
319375,5,2,7,3
319372,1,3,4,-2
319379,4,2,6,2
319368,4,10,14,-6
319371,4,7,11,-3
319373,3,1,4,2
319391,2,6,8,-4
319395,10,9,19,1
319387,2,3,5,-1
319383,8,9,17,-1
319386,0,2,2,-2
319384,6,7,13,-1
319393,2,9,11,-7
319385,12,6,18,6
319392,12,8,20,4
319396,2,3,5,-1
319389,13,0,13,13
319397,4,3,7,1
319390,2,1,3,1
319394,15,0,15,15
319388,4,6,10,-2
319401,1,6,7,-5
319403,4,3,7,1
319405,1,7,8,-6
319404,1,3,4,-2
319398,6,3,9,3
319399,3,5,8,-2
319402,8,2,10,6
319400,3,5,8,-2
319406,5,0,5,5
319409,10,8,18,2
319408,3,2,5,1
319412,1,7,8,-6
319417,9,8,17,1
319419,1,3,4,-2
319415,10,4,14,6
319407,4,0,4,4
319413,5,2,7,3
319411,6,2,8,4
319414,3,4,7,-1
319420,12,6,18,6
319416,3,4,7,-1
319421,9,1,10,8
319418,5,6,11,-1
319410,3,0,3,3
319430,5,2,7,3
319424,4,2,6,2
319425,3,9,12,-6
319423,2,5,7,-3
319427,7,3,10,4
319432,5,0,5,5
319434,4,1,5,3
319429,5,6,11,-1
319435,4,2,6,2
319422,9,3,12,6
319431,9,7,16,2
319428,3,7,10,-4
319426,1,2,3,-1
319436,6,5,11,1
319433,7,4,11,3
319438,14,1,15,13
319445,7,10,17,-3
319443,5,0,5,5
319442,3,5,8,-2
319447,5,11,16,-6
319449,7,8,15,-1
319444,5,3,8,2
319450,7,3,10,4
319446,3,7,10,-4
319439,3,0,3,3
319441,3,8,11,-5
319448,4,1,5,3
319440,6,9,15,-3
319451,4,7,11,-3
319437,5,6,11,-1
319456,5,4,9,1
319461,2,8,10,-6
319452,2,3,5,-1
319459,4,1,5,3
319458,4,0,4,4
319455,1,7,8,-6
319454,3,9,12,-6
319457,6,9,15,-3
319453,6,2,8,4
319460,4,1,5,3
319462,14,2,16,12
319464,1,7,8,-6
319469,11,0,11,11
319476,0,3,3,-3
319465,3,2,5,1
319471,0,3,3,-3
319474,0,6,6,-6
319473,1,0,1,1
319468,10,1,11,9
319472,0,5,5,-5
319467,8,4,12,4
319463,2,8,10,-6
319470,6,8,14,-2
319466,6,9,15,-3
319475,2,3,5,-1
319477,1,6,7,-5
319488,2,9,11,-7
319482,5,1,6,4
319483,2,7,9,-5
319485,6,7,13,-1
319490,0,1,1,-1
319492,6,4,10,2
319479,3,5,8,-2
319484,9,3,12,6
319491,2,3,5,-1
319480,9,5,14,4
319486,1,6,7,-5
319489,1,6,7,-5
319487,2,3,5,-1
319478,2,5,7,-3
319481,4,8,12,-4
319503,10,6,16,4
319497,6,10,16,-4
319494,6,3,9,3
319495,7,2,9,5
319498,8,4,12,4
319501,0,6,6,-6
319499,3,0,3,3
319500,4,7,11,-3
319493,2,1,3,1
319496,3,5,8,-2
319502,7,0,7,7
319505,3,5,8,-2
319513,4,6,10,-2
319506,4,6,10,-2
319518,2,3,5,-1
319508,3,7,10,-4
319511,3,4,7,-1
319504,3,1,4,2
319507,2,4,6,-2
319514,2,6,8,-4
319515,2,1,3,1
319510,6,5,11,1
319509,4,6,10,-2
319516,10,1,11,9
319517,12,3,15,9
319512,3,5,8,-2
319533,2,1,3,1
319530,4,5,9,-1
319521,4,1,5,3
319520,3,2,5,1
319519,12,4,16,8
319528,2,0,2,2
319526,6,2,8,4
319522,4,9,13,-5
319529,4,3,7,1
319525,6,5,11,1
319531,8,7,15,1
319524,5,8,13,-3
319532,10,8,18,2
319527,2,3,5,-1
319535,7,5,12,2
319548,11,2,13,9
319538,4,5,9,-1
319543,2,5,7,-3
319541,5,0,5,5
319534,8,1,9,7
319537,2,5,7,-3
319544,8,0,8,8
319545,6,3,9,3
319540,2,3,5,-1
319547,8,3,11,5
319539,0,7,7,-7
319546,1,7,8,-6
319542,1,5,6,-4
319536,1,4,5,-3
319552,5,12,17,-7
319549,4,5,9,-1
319554,3,1,4,2
319596,1,5,6,-4
319550,1,5,6,-4
319557,6,9,15,-3
319551,5,9,14,-4
319555,12,3,15,9
319558,1,3,4,-2
319556,7,2,9,5
319553,3,5,8,-2
319559,2,1,3,1
319574,3,5,8,-2
319564,5,4,9,1
319561,1,4,5,-3
319560,5,3,8,2
319566,6,2,8,4
319569,1,0,1,1
319562,5,3,8,2
319571,3,7,10,-4
319563,2,5,7,-3
319568,0,7,7,-7
319567,6,5,11,1
319572,5,7,12,-2
319570,1,4,5,-3
319565,1,5,6,-4
319573,4,1,5,3
319584,3,5,8,-2
319578,2,3,5,-1
319585,1,5,6,-4
319580,1,3,4,-2
319587,2,4,6,-2
319589,2,3,5,-1
319579,3,2,5,1
319576,5,1,6,4
319575,7,3,10,4
319581,5,2,7,3
319577,3,12,15,-9
319586,1,2,3,-1
319583,2,4,6,-2
319588,8,4,12,4
319598,2,3,5,-1
319593,1,0,1,1
319595,5,13,18,-8
319592,3,4,7,-1
319590,14,13,27,1
319638,0,5,5,-5
319597,6,10,16,-4
319591,2,5,7,-3
319601,3,5,8,-2
319599,2,1,3,1
319612,4,6,10,-2
319613,2,4,6,-2
319607,3,1,4,2
319605,6,5,11,1
319604,3,4,7,-1
319603,3,1,4,2
319611,8,5,13,3
319608,5,4,9,1
319606,0,8,8,-8
319610,8,9,17,-1
319609,5,0,5,5
319602,4,11,15,-7
319600,3,5,8,-2
319616,4,3,7,1
319618,1,3,4,-2
319623,4,2,6,2
319626,2,8,10,-6
319621,3,9,12,-6
319615,7,3,10,4
319614,3,5,8,-2
319627,2,8,10,-6
319628,2,4,6,-2
319622,1,3,4,-2
319620,0,4,4,-4
319619,10,9,19,1
319625,4,5,9,-1
319624,9,3,12,6
319617,2,8,10,-6
319629,2,5,7,-3
319637,4,2,6,2
319633,1,2,3,-1
319641,8,2,10,6
319634,6,8,14,-2
319643,1,4,5,-3
319635,7,0,7,7
319636,6,5,11,1
319639,5,4,9,1
319632,6,2,8,4
319630,7,1,8,6
319647,1,5,6,-4
319650,3,0,3,3
319652,4,3,7,1
319645,3,4,7,-1
319654,8,7,15,1
319653,5,6,11,-1
319649,15,4,19,11
319651,1,0,1,1
319648,0,10,10,-10
319646,3,2,5,1
319644,0,3,3,-3
319663,7,0,7,7
319666,0,9,9,-9
319662,9,5,14,4
319657,0,6,6,-6
319668,1,2,3,-1
319669,0,9,9,-9
319665,3,2,5,1
319667,0,1,1,-1
319661,4,1,5,3
319659,8,9,17,-1
319664,5,2,7,3
319660,4,8,12,-4
319658,5,2,7,3
319656,5,6,11,-1
319655,2,0,2,2
319683,8,5,13,3
319675,10,8,18,2
319673,6,2,8,4
319670,2,8,10,-6
319678,8,4,12,4
319681,0,5,5,-5
319682,8,4,12,4
319677,3,2,5,1
319672,8,1,9,7
319684,8,4,12,4
319680,6,4,10,2
319676,3,1,4,2
319674,0,1,1,-1
319679,0,10,10,-10
319671,3,10,13,-7
319691,12,7,19,5
319687,3,5,8,-2
319690,2,3,5,-1
319692,5,4,9,1
319689,11,12,23,-1
319694,1,8,9,-7
319695,0,2,2,-2
319693,8,4,12,4
319688,1,2,3,-1
319686,2,5,7,-3
319685,2,0,2,2
319707,4,6,10,-2
319708,0,10,10,-10
319710,5,3,8,2
319700,4,7,11,-3
319698,6,1,7,5
319709,1,2,3,-1
319703,3,0,3,3
319704,8,5,13,3
319701,9,3,12,6
319705,3,9,12,-6
319706,5,4,9,1
319699,2,20,22,-18
319697,4,3,7,1
319696,9,1,10,8
319722,5,2,7,3
319713,3,4,7,-1
319724,5,4,9,1
319711,5,2,7,3
319723,10,9,19,1
319719,5,1,6,4
319716,1,2,3,-1
319725,3,4,7,-1
319715,1,5,6,-4
319718,5,3,8,2
319720,2,3,5,-1
319721,1,9,10,-8
319714,1,7,8,-6
319712,1,2,3,-1
319740,8,3,11,5
319728,8,3,11,5
319739,9,4,13,5
319733,5,1,6,4
319738,3,4,7,-1
319731,5,3,8,2
319732,4,6,10,-2
319735,8,12,20,-4
319737,7,5,12,2
319736,10,11,21,-1
319729,2,6,8,-4
319727,4,5,9,-1
319726,1,2,3,-1
319734,7,8,15,-1
319730,2,4,6,-2
319746,3,2,5,1
319745,1,2,3,-1
319743,4,0,4,4
319753,4,2,6,2
319747,1,6,7,-5
319751,3,4,7,-1
319749,3,7,10,-4
319748,5,1,6,4
319755,8,4,12,4
319752,4,5,9,-1
319741,8,3,11,5
319742,8,9,17,-1
319744,1,4,5,-3
319750,2,4,6,-2
319754,3,4,7,-1
319761,3,2,5,1
319760,5,11,16,-6
319763,2,6,8,-4
319758,12,0,12,12
319768,1,2,3,-1
319762,6,0,6,6
319766,2,5,7,-3
319764,8,4,12,4
319770,3,6,9,-3
319765,18,9,27,9
319767,1,5,6,-4
319756,6,1,7,5
319769,6,3,9,3
319759,4,3,7,1
319757,8,6,14,2
319783,6,2,8,4
319782,6,2,8,4
319780,2,6,8,-4
319771,7,1,8,6
319776,1,7,8,-6
319775,1,9,10,-8
319778,3,6,9,-3
319773,4,6,10,-2
319777,0,1,1,-1
319781,6,4,10,2
319779,8,5,13,3
319785,7,6,13,1
319784,4,3,7,1
319774,1,2,3,-1
319772,6,2,8,4
319787,0,1,1,-1
319788,2,6,8,-4
319786,2,9,11,-7
319789,6,10,16,-4
319790,5,4,9,1
319793,12,2,14,10
319795,2,3,5,-1
319797,9,7,16,2
319802,8,5,13,3
319798,5,3,8,2
319804,1,3,4,-2
319805,7,5,12,2
319792,3,0,3,3
319794,7,6,13,1
319799,7,5,12,2
319801,5,4,9,1
319796,2,3,5,-1
319791,5,6,11,-1
319803,6,1,7,5
319800,2,5,7,-3
319812,6,7,13,-1
319815,3,2,5,1
319807,11,3,14,8
319814,4,5,9,-1
319808,4,3,7,1
319817,4,5,9,-1
319813,1,5,6,-4
319819,4,2,6,2
319820,9,2,11,7
319809,0,3,3,-3
319816,6,3,9,3
319806,8,5,13,3
319811,1,6,7,-5
319818,6,1,7,5
319828,5,1,6,4
319822,3,2,5,1
319823,4,2,6,2
319835,4,3,7,1
319827,8,0,8,8
319832,13,3,16,10
319834,0,6,6,-6
319824,7,8,15,-1
319829,2,1,3,1
319831,4,5,9,-1
319826,2,3,5,-1
319821,2,8,10,-6
319833,4,2,6,2
319830,0,4,4,-4
319840,1,3,4,-2
319846,5,1,6,4
319842,3,4,7,-1
319837,4,1,5,3
319838,2,7,9,-5
319839,1,6,7,-5
319836,1,4,5,-3
319843,5,6,11,-1
319841,3,1,4,2
319844,3,11,14,-8
319860,2,9,11,-7
319851,7,9,16,-2
319857,4,3,7,1
319861,5,3,8,2
319856,3,5,8,-2
319854,3,4,7,-1
319848,0,1,1,-1
319849,4,6,10,-2
319852,9,1,10,8
319850,5,3,8,2
319847,0,5,5,-5
319858,9,8,17,1
319853,0,1,1,-1
319855,6,5,11,1
319859,4,6,10,-2
319866,1,3,4,-2
319874,2,3,5,-1
319875,2,3,5,-1
319872,3,2,5,1
319876,2,0,2,2
319871,1,2,3,-1
319869,5,4,9,1
319863,5,1,6,4
319864,2,5,7,-3
319867,10,5,15,5
319865,8,6,14,2
319862,2,8,10,-6
319873,8,3,11,5
319868,2,3,5,-1
319870,4,1,5,3
319885,2,3,5,-1
319881,0,6,6,-6
319883,3,8,11,-5
319880,2,0,2,2
319877,5,4,9,1
319882,4,6,10,-2
319879,3,4,7,-1
319884,2,1,3,1
319895,4,7,11,-3
319892,4,0,4,4
319899,6,4,10,2
319888,8,5,13,3
319890,0,4,4,-4
319900,1,2,3,-1
319896,3,9,12,-6
319894,12,6,18,6
319886,9,7,16,2
319889,6,0,6,6
319893,7,3,10,4
319897,6,2,8,4
319887,2,3,5,-1
319891,7,4,11,3
319898,5,8,13,-3
319910,7,6,13,1
319903,3,2,5,1
319904,5,3,8,2
319907,5,3,8,2
319915,4,5,9,-1
319914,3,5,8,-2
319909,0,5,5,-5
319901,2,3,5,-1
319905,4,6,10,-2
319908,6,9,15,-3
319911,8,6,14,2
319912,3,2,5,1
319906,3,4,7,-1
319902,2,5,7,-3
319913,3,4,7,-1
319929,4,6,10,-2
319918,0,5,5,-5
319920,5,4,9,1
319924,6,7,13,-1
319916,4,3,7,1
319919,9,2,11,7
319923,0,3,3,-3
319925,9,13,22,-4
319922,6,7,13,-1
319926,1,2,3,-1
319917,9,5,14,4
319921,11,12,23,-1
319927,2,10,12,-8
319928,5,2,7,3
319930,1,5,6,-4
319878,4,5,9,-1
319933,5,2,7,3
319935,3,1,4,2
319931,7,5,12,2
319936,3,0,3,3
319932,10,4,14,6
319934,1,2,3,-1
319947,2,12,14,-10
319946,6,5,11,1
319945,6,0,6,6
319939,7,5,12,2
319937,3,4,7,-1
319941,3,1,4,2
319940,3,2,5,1
319943,1,4,5,-3
319949,2,3,5,-1
319950,3,11,14,-8
319938,4,2,6,2
319942,3,6,9,-3
319962,2,6,8,-4
319961,6,4,10,2
319960,3,1,4,2
319954,3,13,16,-10
319963,3,2,5,1
319952,3,0,3,3
319956,6,5,11,1
319955,0,3,3,-3
319958,0,5,5,-5
319964,2,6,8,-4
319965,6,2,8,4
319953,3,1,4,2
319957,1,7,8,-6
319974,3,4,7,-1
319975,12,4,16,8
319971,4,5,9,-1
319969,5,3,8,2
319976,6,5,11,1
319970,2,9,11,-7
319973,9,7,16,2
319972,1,4,5,-3
319978,7,10,17,-3
319967,4,7,11,-3
319948,16,1,17,15
319968,3,4,7,-1
319977,3,1,4,2
319991,4,5,9,-1
319980,2,6,8,-4
319988,1,2,3,-1
319986,4,2,6,2
319981,4,2,6,2
319985,3,1,4,2
319993,1,12,13,-11
319984,3,7,10,-4
319989,1,7,8,-6
319979,15,5,20,10
319983,3,6,9,-3
319982,2,6,8,-4
319992,3,6,9,-3
319990,1,5,6,-4
320006,5,4,9,1
320003,9,10,19,-1
320001,4,10,14,-6
319996,9,6,15,3
319999,3,4,7,-1
320000,0,6,6,-6
320002,0,8,8,-8
319995,8,2,10,6
320004,1,4,5,-3
319998,3,5,8,-2
320008,5,11,16,-6
319994,8,7,15,1
320005,4,8,12,-4
319997,2,4,6,-2
320007,0,1,1,-1
320018,5,4,9,1
320014,2,3,5,-1
320011,1,2,3,-1
320010,2,1,3,1
320016,6,2,8,4
320023,0,3,3,-3
320019,8,1,9,7
320013,15,4,19,11
320021,6,3,9,3
320009,10,7,17,3
320012,1,4,5,-3
320020,6,4,10,2
320022,3,2,5,1
320015,5,3,8,2
320026,2,12,14,-10
318066,2,6,8,-4
320029,2,6,8,-4
320030,6,1,7,5
320028,4,5,9,-1
320025,4,5,9,-1
320027,6,3,9,3
320024,2,4,6,-2
320034,4,3,7,1
320036,0,2,2,-2
320045,4,0,4,4
320046,3,6,9,-3
320041,10,6,16,4
320044,5,2,7,3
320035,3,4,7,-1
320038,2,4,6,-2
320043,4,0,4,4
320040,3,2,5,1
320039,4,5,9,-1
320037,1,2,3,-1
320042,4,5,9,-1
320032,7,2,9,5
320054,8,2,10,6
320052,8,2,10,6
320051,4,5,9,-1
320060,2,12,14,-10
320061,8,4,12,4
320056,0,6,6,-6
320059,4,2,6,2
320050,0,3,3,-3
320053,8,1,9,7
320058,0,2,2,-2
320055,9,3,12,6
320049,6,4,10,2
320048,0,6,6,-6
320057,3,4,7,-1
320047,0,6,6,-6
320067,1,2,3,-1
320065,4,5,9,-1
320070,5,6,11,-1
320069,7,9,16,-2
320063,5,7,12,-2
320071,9,4,13,5
320062,3,7,10,-4
320073,7,3,10,4
320068,0,6,6,-6
320064,2,6,8,-4
320072,3,2,5,1
320066,8,4,12,4
320075,1,9,10,-8
320081,5,8,13,-3
320077,1,0,1,1
320082,11,4,15,7
320084,1,2,3,-1
320083,3,1,4,2
320074,7,4,11,3
320079,2,4,6,-2
320087,1,3,4,-2
320080,7,6,13,1
320088,2,12,14,-10
320076,3,8,11,-5
320085,2,8,10,-6
320086,3,1,4,2
320078,0,8,8,-8
320097,2,3,5,-1
320100,4,7,11,-3
320094,6,4,10,2
320102,10,4,14,6
320090,3,4,7,-1
320096,7,6,13,1
320092,1,2,3,-1
320098,0,2,2,-2
320099,9,5,14,4
320095,5,9,14,-4
320103,6,4,10,2
320091,2,8,10,-6
320101,3,7,10,-4
320093,0,3,3,-3
320111,3,15,18,-12
320112,9,6,15,3
320114,4,1,5,3
320105,3,6,9,-3
320107,4,3,7,1
320113,2,6,8,-4
320109,2,1,3,1
320117,6,2,8,4
320110,7,0,7,7
320118,4,10,14,-6
320115,2,5,7,-3
320116,7,5,12,2
320106,7,2,9,5
320108,1,7,8,-6
320130,2,0,2,2
320120,1,2,3,-1
320123,11,0,11,11
320122,2,10,12,-8
320128,5,6,11,-1
320121,3,5,8,-2
320129,2,3,5,-1
320127,3,0,3,3
320126,6,3,9,3
320131,3,5,8,-2
320124,2,4,6,-2
320125,7,5,12,2
320133,3,4,7,-1
320119,8,4,12,4
320132,2,3,5,-1
320145,2,4,6,-2
320135,1,5,6,-4
320138,3,4,7,-1
320137,3,4,7,-1
320143,3,4,7,-1
320136,1,0,1,1
320144,3,4,7,-1
320142,3,0,3,3
320141,2,4,6,-2
320146,3,4,7,-1
320139,3,1,4,2
320140,3,5,8,-2
320148,1,3,4,-2
320134,1,6,7,-5
320147,4,3,7,1
320150,4,0,4,4
320160,1,5,6,-4
320157,4,5,9,-1
320163,5,12,17,-7
320159,4,2,6,2
320149,0,12,12,-12
320153,9,0,9,9
320152,2,14,16,-12
320158,1,2,3,-1
320155,2,1,3,1
320151,1,4,5,-3
320162,1,5,6,-4
320156,1,0,1,1
320161,7,6,13,1
320154,0,1,1,-1
346787,2,8,10,-6
346187,0,2,2,-2
346755,8,2,10,6
346189,2,11,13,-9
346184,3,1,4,2
346752,4,5,9,-1
346183,3,1,4,2
346753,0,4,4,-4
346185,4,2,6,2
346186,0,1,1,-1
346188,5,7,12,-2
346190,2,0,2,2
346191,2,6,8,-4
346754,7,4,11,3
346760,4,1,5,3
346758,7,0,7,7
346759,8,4,12,4
346757,6,1,7,5
346756,7,1,8,6
346761,3,0,3,3
346773,4,0,4,4
346767,2,5,7,-3
346766,2,3,5,-1
346765,0,3,3,-3
346768,0,3,3,-3
346764,7,4,11,3
346774,3,2,5,1
346762,4,5,9,-1
346770,4,8,12,-4
346763,7,8,15,-1
346769,2,9,11,-7
346775,7,3,10,4
346772,9,10,19,-1
346771,2,6,8,-4
346776,5,3,8,2
346777,4,5,9,-1
346780,3,2,5,1
346785,2,1,3,1
346781,2,8,10,-6
346782,3,1,4,2
346778,6,3,9,3
346786,2,8,10,-6
346783,1,6,7,-5
346779,2,4,6,-2
346788,8,10,18,-2
346784,2,0,2,2
346794,3,8,11,-5
346789,2,3,5,-1
346793,5,9,14,-4
346800,13,4,17,9
346796,2,5,7,-3
346798,0,1,1,-1
346801,6,4,10,2
346799,0,15,15,-15
346791,0,4,4,-4
346792,7,5,12,2
346790,1,4,5,-3
346795,8,3,11,5
346797,8,7,15,1
346802,3,1,4,2
346803,0,3,3,-3
346817,0,5,5,-5
346816,7,6,13,1
346814,3,4,7,-1
346808,3,7,10,-4
346815,6,3,9,3
346804,8,4,12,4
346810,4,8,12,-4
346809,6,5,11,1
346818,3,4,7,-1
346811,6,3,9,3
346807,0,6,6,-6
346806,5,6,11,-1
346805,9,2,11,7
346813,3,6,9,-3
346812,0,1,1,-1
346831,13,0,13,13
346824,7,0,7,7
346830,3,6,9,-3
346822,3,4,7,-1
346823,4,3,7,1
346832,9,8,17,1
346820,1,5,6,-4
346821,13,0,13,13
346825,9,3,12,6
346828,3,4,7,-1
346833,8,7,15,1
346826,2,6,8,-4
346827,1,9,10,-8
346829,14,3,17,11
346819,3,7,10,-4
346834,1,3,4,-2
346836,7,4,11,3
346838,11,6,17,5
346837,1,3,4,-2
346841,13,4,17,9
346842,7,2,9,5
346843,2,0,2,2
346840,4,5,9,-1
346839,5,3,8,2
346844,0,3,3,-3
346835,2,4,6,-2
346854,3,7,10,-4
346847,3,9,12,-6
346855,3,8,11,-5
346845,7,8,15,-1
346850,14,1,15,13
346856,3,2,5,1
346853,1,6,7,-5
346848,3,6,9,-3
346849,4,7,11,-3
346857,1,5,6,-4
346852,6,5,11,1
346851,9,5,14,4
346858,16,9,25,7
346846,6,9,15,-3
346869,8,6,14,2
346870,0,10,10,-10
346868,2,0,2,2
346867,2,10,12,-8
346861,0,10,10,-10
346871,3,7,10,-4
346860,2,5,7,-3
346859,8,5,13,3
346872,8,0,8,8
346864,0,3,3,-3
346866,11,5,16,6
346862,4,3,7,1
346873,8,3,11,5
346880,1,11,12,-10
346879,7,6,13,1
346875,4,7,11,-3
346874,3,2,5,1
346878,8,1,9,7
346876,3,2,5,1
346881,4,3,7,1
346891,3,4,7,-1
346885,5,6,11,-1
346882,6,4,10,2
346884,0,1,1,-1
346883,2,5,7,-3
346894,3,1,4,2
346893,8,4,12,4
346890,16,5,21,11
346895,0,2,2,-2
346889,0,3,3,-3
346888,5,0,5,5
346887,3,4,7,-1
346886,7,5,12,2
346896,1,3,4,-2
346906,3,2,5,1
346907,1,2,3,-1
346897,3,1,4,2
346902,7,3,10,4
346899,4,9,13,-5
346898,5,3,8,2
346905,4,2,6,2
346910,0,8,8,-8
346900,1,3,4,-2
346909,3,2,5,1
346911,1,2,3,-1
346904,7,5,12,2
346901,9,5,14,4
346903,4,5,9,-1
346908,3,1,4,2
346914,3,1,4,2
346924,2,1,3,1
346915,7,10,17,-3
346922,0,5,5,-5
346912,9,0,9,9
346923,2,3,5,-1
346925,4,3,7,1
346921,10,7,17,3
346918,1,4,5,-3
346917,10,1,11,9
346919,0,1,1,-1
346916,2,1,3,1
346926,3,4,7,-1
346913,0,3,3,-3
346932,2,3,5,-1
346931,10,6,16,4
346933,3,4,7,-1
346930,2,4,6,-2
346934,10,3,13,7
346927,2,8,10,-6
346928,2,11,13,-9
346935,6,3,9,3
346938,7,2,9,5
346944,4,5,9,-1
346937,2,4,6,-2
346946,4,3,7,1
346940,3,6,9,-3
346947,2,8,10,-6
346945,4,2,6,2
346936,6,8,14,-2
346948,8,10,18,-2
346939,3,4,7,-1
346950,9,2,11,7
346949,6,2,8,4
346955,1,0,1,1
346954,5,7,12,-2
346953,6,3,9,3
346958,0,5,5,-5
346959,6,2,8,4
346952,3,4,7,-1
346961,7,0,7,7
346957,2,11,13,-9
346962,6,1,7,5
346963,3,4,7,-1
346965,7,2,9,5
346964,2,1,3,1
346973,2,7,9,-5
346972,2,6,8,-4
346970,3,11,14,-8
346974,0,2,2,-2
346968,6,3,9,3
346971,6,10,16,-4
346975,4,3,7,1
346967,6,4,10,2
346966,6,2,8,4
346976,1,3,4,-2
346969,1,11,12,-10
346978,0,6,6,-6
346990,9,4,13,5
346988,1,7,8,-6
346985,3,8,11,-5
346983,2,1,3,1
346987,0,7,7,-7
346979,2,3,5,-1
346991,4,5,9,-1
346977,1,3,4,-2
346980,1,8,9,-7
346986,2,3,5,-1
347005,5,3,8,2
346997,3,4,7,-1
346999,2,3,5,-1
346996,0,10,10,-10
347004,7,6,13,1
347000,2,1,3,1
347006,5,0,5,5
346993,1,3,4,-2
346995,19,6,25,13
347001,0,1,1,-1
346994,1,5,6,-4
347003,0,5,5,-5
346992,3,4,7,-1
347002,0,2,2,-2
347019,4,8,12,-4
347018,0,2,2,-2
347013,6,10,16,-4
347012,7,4,11,3
347008,2,4,6,-2
347015,1,8,9,-7
347009,5,4,9,1
347014,5,3,8,2
347021,2,4,6,-2
347017,3,11,14,-8
347010,3,4,7,-1
347016,0,5,5,-5
347007,5,4,9,1
347020,3,7,10,-4
347029,6,9,15,-3
347031,3,2,5,1
347033,1,2,3,-1
347034,2,3,5,-1
347024,4,5,9,-1
347028,1,5,6,-4
347030,7,1,8,6
347025,3,2,5,1
347032,7,6,13,1
347027,7,1,8,6
347022,4,5,9,-1
347046,2,0,2,2
347048,3,4,7,-1
347049,2,0,2,2
347037,4,2,6,2
347040,7,2,9,5
347043,4,3,7,1
347045,2,3,5,-1
347047,4,5,9,-1
347042,6,3,9,3
347035,6,4,10,2
347052,0,1,1,-1
347062,6,5,11,1
347060,4,2,6,2
347059,3,10,13,-7
347053,2,3,5,-1
347051,5,6,11,-1
347050,3,2,5,1
347058,5,6,11,-1
347063,5,3,8,2
347054,5,7,12,-2
347055,3,7,10,-4
347057,0,3,3,-3
347061,11,3,14,8
347056,1,2,3,-1
347073,6,4,10,2
347068,8,3,11,5
347069,3,2,5,1
347067,2,7,9,-5
347065,1,8,9,-7
347072,3,5,8,-2
347074,4,3,7,1
347071,2,1,3,1
347070,2,5,7,-3
347066,2,3,5,-1
347064,10,2,12,8
347075,0,6,6,-6
347078,0,1,1,-1
347086,4,6,10,-2
347076,0,10,10,-10
347081,3,7,10,-4
347082,4,0,4,4
347087,4,2,6,2
347085,4,3,7,1
347084,4,5,9,-1
347088,1,9,10,-8
347080,6,3,9,3
347077,3,0,3,3
347089,6,3,9,3
347083,1,2,3,-1
347090,5,7,12,-2
347094,3,6,9,-3
347099,9,4,13,5
347092,4,7,11,-3
347093,7,3,10,4
347103,4,5,9,-1
347102,2,7,9,-5
347104,5,3,8,2
347097,4,8,12,-4
347095,2,3,5,-1
347101,10,4,14,6
347105,3,2,5,1
347096,2,3,5,-1
347100,7,8,15,-1
347091,2,3,5,-1
347098,6,4,10,2
347117,2,3,5,-1
347113,5,1,6,4
347118,4,6,10,-2
347111,1,6,7,-5
347108,5,2,7,3
347116,0,5,5,-5
347115,8,3,11,5
347119,9,0,9,9
347107,8,9,17,-1
347110,2,4,6,-2
347120,1,2,3,-1
347114,4,6,10,-2
347112,0,2,2,-2
347106,3,8,11,-5
347123,9,1,10,8
347124,3,4,7,-1
347127,2,3,5,-1
347128,3,4,7,-1
347125,3,5,8,-2
347122,9,0,9,9
347129,4,10,14,-6
347130,2,1,3,1
347126,6,4,10,2
347121,8,10,18,-2
347132,12,2,14,10
347131,2,6,8,-4
347137,2,14,16,-12
347135,4,7,11,-3
347142,7,9,16,-2
347136,1,6,7,-5
347141,1,8,9,-7
347143,1,2,3,-1
347138,13,7,20,6
347134,6,10,16,-4
347140,2,8,10,-6
347144,8,12,20,-4
347145,1,2,3,-1
347139,2,1,3,1
347133,6,10,16,-4
347147,2,6,8,-4
347146,7,2,9,5
347157,7,6,13,1
347151,6,2,8,4
347158,6,4,10,2
347159,2,4,6,-2
347148,5,4,9,1
347152,0,6,6,-6
347150,4,5,9,-1
347160,10,1,11,9
347156,2,0,2,2
347153,2,6,8,-4
347149,5,2,7,3
347155,8,9,17,-1
347154,9,6,15,3
347162,7,3,10,4
347161,3,8,11,-5
347166,4,2,6,2
347169,2,7,9,-5
347170,3,1,4,2
347168,3,1,4,2
347164,3,1,4,2
347165,7,3,10,4
347171,6,5,11,1
347163,5,1,6,4
347176,6,5,11,1
347183,1,3,4,-2
347179,6,7,13,-1
347184,1,4,5,-3
347181,2,0,2,2
347185,4,0,4,4
347180,7,5,12,2
347174,0,7,7,-7
347177,4,3,7,1
347186,6,1,7,5
347182,7,4,11,3
347173,0,4,4,-4
347172,6,7,13,-1
347178,1,2,3,-1
347191,6,4,10,2
347194,3,7,10,-4
347196,2,4,6,-2
347200,8,1,9,7
347188,5,4,9,1
347199,5,4,9,1
347197,7,6,13,1
347201,2,0,2,2
347192,17,2,19,15
347190,0,2,2,-2
347189,1,5,6,-4
347198,3,9,12,-6
347187,8,1,9,7
347193,9,10,19,-1
347209,4,2,6,2
347211,5,4,9,1
347214,2,10,12,-8
347213,6,2,8,4
347210,4,9,13,-5
347205,5,6,11,-1
347215,10,1,11,9
347206,7,4,11,3
347216,14,2,16,12
347204,3,4,7,-1
347203,8,4,12,4
347207,9,0,9,9
347202,1,5,6,-4
347212,8,3,11,5
347208,3,4,7,-1
347175,2,1,3,1
347220,3,7,10,-4
347222,8,7,15,1
347219,5,6,11,-1
347217,7,4,11,3
346960,2,9,11,-7
347223,9,2,11,7
347218,0,5,5,-5
347221,6,2,8,4
347228,3,4,7,-1
347232,0,1,1,-1
347234,1,4,5,-3
347236,6,4,10,2
347230,6,1,7,5
347225,4,5,9,-1
347226,0,1,1,-1
347235,1,2,3,-1
347224,6,7,13,-1
347237,3,6,9,-3
347231,0,2,2,-2
347238,5,3,8,2
347229,1,5,6,-4
347233,6,2,8,4
347249,2,1,3,1
347240,7,2,9,5
347250,5,4,9,1
347244,0,1,1,-1
347248,3,4,7,-1
347243,3,5,8,-2
347242,1,3,4,-2
347247,3,4,7,-1
347251,4,10,14,-6
347245,15,8,23,7
347241,6,3,9,3
347239,1,3,4,-2
347252,4,1,5,3
347246,3,2,5,1
347253,3,2,5,1
347259,2,9,11,-7
347258,3,1,4,2
347227,4,5,9,-1
347256,6,2,8,4
347261,2,3,5,-1
347262,4,5,9,-1
347257,5,3,8,2
347254,6,5,11,1
347260,1,2,3,-1
347255,6,3,9,3
347266,3,7,10,-4
347267,4,10,14,-6
347271,7,3,10,4
347272,3,6,9,-3
347274,0,5,5,-5
347268,3,4,7,-1
347273,4,2,6,2
347265,9,6,15,3
347263,7,5,12,2
347269,11,6,17,5
347275,0,3,3,-3
347270,2,3,5,-1
347277,3,6,9,-3
347276,5,4,9,1
347264,2,8,10,-6
347289,11,2,13,9
347292,3,2,5,1
347283,0,3,3,-3
347281,8,2,10,6
347279,1,10,11,-9
347285,7,13,20,-6
347290,7,8,15,-1
347282,7,6,13,1
347291,8,7,15,1
347280,5,8,13,-3
347278,3,2,5,1
347286,3,2,5,1
347288,3,1,4,2
347287,4,3,7,1
347284,1,7,8,-6
347297,4,3,7,1
347302,3,2,5,1
347299,1,5,6,-4
347296,2,1,3,1
347305,12,4,16,8
347303,2,4,6,-2
347304,12,7,19,5
347295,6,0,6,6
347300,4,2,6,2
347306,8,2,10,6
347294,1,5,6,-4
347307,1,6,7,-5
347301,4,2,6,2
347298,3,5,8,-2
347293,0,3,3,-3
347315,3,6,9,-3
347313,5,1,6,4
347311,2,7,9,-5
347310,1,9,10,-8
347309,3,10,13,-7
347308,10,1,11,9
347312,11,4,15,7
347314,1,5,6,-4
347316,6,2,8,4
347324,3,2,5,1
347327,2,6,8,-4
347325,3,4,7,-1
347323,3,4,7,-1
347328,6,10,16,-4
347321,2,6,8,-4
347318,3,5,8,-2
347329,6,2,8,4
347320,9,4,13,5
347319,4,2,6,2
347330,4,10,14,-6
347317,0,2,2,-2
347322,2,6,8,-4
347326,6,5,11,1
347331,0,2,2,-2
347339,8,4,12,4
347342,10,4,14,6
347336,7,5,12,2
347334,9,4,13,5
347341,6,2,8,4
347332,3,5,8,-2
347340,12,2,14,10
347338,1,3,4,-2
347343,3,11,14,-8
347333,9,2,11,7
347344,4,0,4,4
347335,3,6,9,-3
347345,2,4,6,-2
347337,9,5,14,4
347346,1,3,4,-2
347354,5,2,7,3
347351,3,2,5,1
347350,1,7,8,-6
347347,4,3,7,1
347355,5,3,8,2
347349,4,10,14,-6
347352,8,6,14,2
347348,5,4,9,1
347353,6,2,8,4
347362,3,2,5,1
347359,4,5,9,-1
347363,3,6,9,-3
347365,12,10,22,2
347368,3,5,8,-2
347366,0,5,5,-5
347369,9,2,11,7
347361,5,8,13,-3
347358,2,1,3,1
347356,3,2,5,1
347370,6,7,13,-1
347364,9,10,19,-1
347360,1,2,3,-1
347357,3,0,3,3
347367,6,5,11,1
347378,2,8,10,-6
347379,4,5,9,-1
347382,2,7,9,-5
347381,10,6,16,4
347384,10,0,10,10
347372,9,12,21,-3
347374,4,2,6,2
347371,12,5,17,7
347376,1,3,4,-2
347385,1,0,1,1
347377,6,4,10,2
347373,2,7,9,-5
347380,2,10,12,-8
347383,1,2,3,-1
347375,1,2,3,-1
347393,0,6,6,-6
347398,1,2,3,-1
347389,0,1,1,-1
347395,3,1,4,2
347399,2,3,5,-1
347391,2,5,7,-3
347386,5,1,6,4
347400,2,4,6,-2
347392,4,3,7,1
347387,2,6,8,-4
347390,3,4,7,-1
347397,4,13,17,-9
347394,0,5,5,-5
347388,8,11,19,-3
347408,8,10,18,-2
347411,5,7,12,-2
347406,6,4,10,2
347403,4,3,7,1
347405,1,5,6,-4
347412,1,5,6,-4
347407,9,2,11,7
347404,5,6,11,-1
347402,4,6,10,-2
347413,3,1,4,2
347401,5,1,6,4
347409,2,4,6,-2
347410,0,8,8,-8
347418,5,1,6,4
347416,4,5,9,-1
347421,2,3,5,-1
347426,4,3,7,1
347417,4,0,4,4
347420,4,5,9,-1
347427,7,3,10,4
347422,1,0,1,1
347419,7,3,10,4
347415,1,3,4,-2
347428,2,5,7,-3
347414,4,5,9,-1
347423,0,12,12,-12
347424,10,2,12,8
347425,2,4,6,-2
347435,3,8,11,-5
347432,7,4,11,3
347441,9,2,11,7
347437,1,3,4,-2
347429,1,4,5,-3
347440,2,1,3,1
347442,3,4,7,-1
347433,11,7,18,4
347431,0,1,1,-1
347438,1,7,8,-6
347436,3,6,9,-3
347443,3,0,3,3
347434,1,3,4,-2
347430,6,2,8,4
347439,5,3,8,2
347445,2,4,6,-2
347448,6,12,18,-6
347447,6,7,13,-1
347446,12,3,15,9
347444,5,4,9,1
347458,2,5,7,-3
347460,10,6,16,4
347455,0,6,6,-6
347451,4,7,11,-3
347452,1,8,9,-7
347456,9,4,13,5
347449,5,2,7,3
347457,6,5,11,1
347454,3,4,7,-1
347461,1,2,3,-1
347459,2,5,7,-3
347462,7,0,7,7
347463,9,5,14,4
347453,5,0,5,5
347478,6,5,11,1
347467,4,7,11,-3
347464,7,0,7,7
347468,5,6,11,-1
347470,3,2,5,1
347466,2,5,7,-3
347471,4,3,7,1
347474,5,2,7,3
347472,11,5,16,6
347476,3,5,8,-2
347473,5,3,8,2
347469,1,2,3,-1
347465,6,0,6,6
347475,10,4,14,6
347477,5,2,7,3
347491,5,6,11,-1
347485,1,6,7,-5
347481,5,4,9,1
347482,5,6,11,-1
347488,1,6,7,-5
347486,3,8,11,-5
347479,5,2,7,3
347487,6,2,8,4
347484,3,5,8,-2
347492,5,4,9,1
347483,3,7,10,-4
347489,5,6,11,-1
347490,5,3,8,2
347493,3,4,7,-1
347480,2,4,6,-2
347494,6,2,8,4
347502,5,6,11,-1
347496,2,4,6,-2
347497,2,3,5,-1
347503,6,3,9,3
347509,6,3,9,3
347498,6,10,16,-4
347533,1,4,5,-3
347506,0,9,9,-9
347507,3,9,12,-6
347501,3,9,12,-6
347495,7,0,7,7
347499,1,2,3,-1
347508,7,8,15,-1
347520,7,6,13,1
347513,2,1,3,1
347510,3,9,12,-6
347518,1,0,1,1
347512,2,8,10,-6
347517,3,1,4,2
347514,6,7,13,-1
347515,1,2,3,-1
347519,4,1,5,3
347522,6,5,11,1
347548,3,6,9,-3
347523,0,3,3,-3
347521,6,1,7,5
347525,3,9,12,-6
347526,2,5,7,-3
347535,6,9,15,-3
347527,3,5,8,-2
347536,3,4,7,-1
347531,9,4,13,5
347534,3,0,3,3
347537,3,1,4,2
347530,1,4,5,-3
347538,3,5,8,-2
347528,6,3,9,3
347529,3,4,7,-1
347532,2,3,5,-1
347500,9,6,15,3
347539,5,9,14,-4
347540,3,8,11,-5
347547,7,1,8,6
347516,2,5,7,-3
347541,1,7,8,-6
347550,0,2,2,-2
347542,0,1,1,-1
347551,9,2,11,7
347546,3,1,4,2
347549,3,11,14,-8
347552,5,2,7,3
347545,6,8,14,-2
347553,4,2,6,2
347543,7,5,12,2
347544,2,3,5,-1
347554,2,7,9,-5
347558,5,7,12,-2
347557,6,0,6,6
347563,9,2,11,7
347555,1,4,5,-3
347566,8,5,13,3
347567,1,5,6,-4
347565,3,2,5,1
347560,2,7,9,-5
347562,3,0,3,3
347561,7,5,12,2
347559,6,3,9,3
347556,0,3,3,-3
347564,3,4,7,-1
347579,0,5,5,-5
347577,4,5,9,-1
347573,10,3,13,7
347575,4,1,5,3
347571,3,4,7,-1
347582,4,3,7,1
347576,6,7,13,-1
347583,1,8,9,-7
347569,12,4,16,8
347572,2,0,2,2
347581,1,2,3,-1
347570,11,1,12,10
347574,2,0,2,2
347580,3,4,7,-1
347593,11,3,14,8
347596,6,11,17,-5
347588,2,4,6,-2
347587,4,5,9,-1
347595,3,6,9,-3
347597,5,7,12,-2
347592,0,10,10,-10
347598,4,2,6,2
347584,8,4,12,4
347590,1,3,4,-2
347589,5,4,9,1
347586,0,2,2,-2
347591,2,7,9,-5
347594,7,4,11,3
347603,2,7,9,-5
347599,4,7,11,-3
347600,0,3,3,-3
347602,2,7,9,-5
347604,10,2,12,8
347605,1,7,8,-6
347601,2,1,3,1
347607,1,2,3,-1
347606,2,4,6,-2
347613,2,3,5,-1
347618,3,7,10,-4
347610,3,4,7,-1
347615,1,10,11,-9
347611,5,4,9,1
347616,5,17,22,-12
347614,4,5,9,-1
347608,4,1,5,3
347612,3,0,3,3
347619,3,4,7,-1
347620,7,6,13,1
347609,3,4,7,-1
347622,7,9,16,-2
347621,4,7,11,-3
347617,1,2,3,-1
347629,0,5,5,-5
347633,1,6,7,-5
347625,4,6,10,-2
347634,6,1,7,5
347635,7,5,12,2
347632,4,0,4,4
347624,8,6,14,2
347628,10,1,11,9
347630,3,0,3,3
347626,12,4,16,8
347631,3,2,5,1
347623,7,11,18,-4
347627,1,4,5,-3
347636,10,3,13,7
347637,6,2,8,4
347643,2,5,7,-3
347638,3,1,4,2
347644,3,6,9,-3
347645,8,12,20,-4
347639,3,7,10,-4
347641,5,4,9,1
347646,5,1,6,4
347642,6,5,11,1
347647,0,5,5,-5
347648,6,1,7,5
347656,2,0,2,2
347660,1,6,7,-5
347651,5,7,12,-2
347659,9,2,11,7
347650,1,2,3,-1
347652,2,4,6,-2
347655,4,3,7,1
347661,4,5,9,-1
347657,9,10,19,-1
347658,1,3,4,-2
347662,1,2,3,-1
347663,1,4,5,-3
347678,3,4,7,-1
347669,2,1,3,1
347674,6,2,8,4
347670,4,3,7,1
347667,4,6,10,-2
347666,0,8,8,-8
347672,1,4,5,-3
347671,3,1,4,2
347668,2,7,9,-5
347675,4,2,6,2
347677,2,4,6,-2
347673,3,4,7,-1
347676,10,5,15,5
347665,2,1,3,1
347691,6,4,10,2
347682,1,4,5,-3
347684,8,4,12,4
347679,5,10,15,-5
347681,10,7,17,3
347683,0,2,2,-2
347686,2,4,6,-2
347692,1,9,10,-8
347687,1,4,5,-3
347688,7,8,15,-1
347689,6,2,8,4
347680,8,1,9,7
347693,2,1,3,1
347690,11,4,15,7
347694,3,4,7,-1
347696,10,8,18,2
347701,6,1,7,5
347697,6,2,8,4
347698,3,6,9,-3
347699,2,3,5,-1
347700,6,10,16,-4
347702,5,4,9,1
347703,2,3,5,-1
347695,6,7,13,-1
347704,2,3,5,-1
347712,2,8,10,-6
347713,9,2,11,7
347706,3,8,11,-5
347716,4,5,9,-1
347707,12,2,14,10
347708,5,2,7,3
347709,3,2,5,1
347711,2,3,5,-1
347714,7,5,12,2
347715,3,8,11,-5
347710,4,6,10,-2
347717,3,5,8,-2
347718,0,4,4,-4
347705,2,3,5,-1
347719,9,5,14,4
347724,2,3,5,-1
347722,2,1,3,1
347720,3,5,8,-2
347727,8,12,20,-4
347728,1,5,6,-4
347721,2,1,3,1
347731,10,1,11,9
347723,5,2,7,3
347726,3,4,7,-1
347730,5,1,6,4
347725,2,5,7,-3
347732,8,6,14,2
347733,6,1,7,5
347740,2,1,3,1
347735,5,6,11,-1
347742,5,4,9,1
347737,2,3,5,-1
347734,4,5,9,-1
347739,10,0,10,10
347736,10,1,11,9
347741,3,1,4,2
347738,3,2,5,1
347744,0,2,2,-2
347756,1,2,3,-1
347749,0,3,3,-3
347746,6,3,9,3
347748,7,2,9,5
347757,4,5,9,-1
347750,3,4,7,-1
347754,6,0,6,6
347755,8,0,8,8
347747,4,0,4,4
347745,1,2,3,-1
347752,8,7,15,1
347753,3,2,5,1
347751,2,5,7,-3
347743,1,2,3,-1
347761,5,2,7,3
347759,5,4,9,1
347764,5,3,8,2
347770,6,1,7,5
347769,5,6,11,-1
347763,3,5,8,-2
347767,5,10,15,-5
347772,13,7,20,6
347765,6,0,6,6
347771,7,6,13,1
347768,4,0,4,4
347762,3,6,9,-3
347760,3,4,7,-1
347766,2,6,8,-4
347758,4,6,10,-2
347786,0,2,2,-2
347776,3,4,7,-1
347787,2,7,9,-5
347780,1,5,6,-4
347774,3,6,9,-3
347779,3,6,9,-3
347778,5,3,8,2
347777,5,2,7,3
347775,4,5,9,-1
347785,7,2,9,5
347781,6,5,11,1
347783,2,10,12,-8
347773,1,4,5,-3
347782,2,5,7,-3
347784,0,3,3,-3
347790,2,1,3,1
347799,2,5,7,-3
347797,4,5,9,-1
347798,0,2,2,-2
347788,1,5,6,-4
347794,1,4,5,-3
347792,1,2,3,-1
347793,7,8,15,-1
347789,4,2,6,2
347791,3,2,5,1
347796,3,11,14,-8
347795,5,3,8,2
347802,3,4,7,-1
347812,2,4,6,-2
347813,3,8,11,-5
347800,5,2,7,3
347808,4,0,4,4
347807,6,2,8,4
347801,5,7,12,-2
347805,1,10,11,-9
347814,4,2,6,2
347804,2,3,5,-1
347810,3,2,5,1
347809,4,5,9,-1
347815,13,3,16,10
347819,1,3,4,-2
347824,2,4,6,-2
347817,3,6,9,-3
347827,6,2,8,4
347828,2,5,7,-3
347823,1,2,3,-1
347826,6,2,8,4
347821,3,5,8,-2
347822,4,9,13,-5
347816,4,7,11,-3
347820,3,1,4,2
347829,1,4,5,-3
347825,0,1,1,-1
347838,5,3,8,2
347831,4,8,12,-4
347837,3,4,7,-1
347835,4,7,11,-3
347832,1,5,6,-4
347840,8,3,11,5
347830,3,4,7,-1
347836,4,3,7,1
347841,1,6,7,-5
347839,9,10,19,-1
347833,3,6,9,-3
347834,2,1,3,1
347846,1,3,4,-2
347845,1,2,3,-1
347849,1,5,6,-4
347852,4,3,7,1
347851,2,6,8,-4
347853,6,7,13,-1
347842,10,6,16,4
347843,9,1,10,8
347854,0,2,2,-2
347855,6,4,10,2
347844,5,11,16,-6
347850,5,2,7,3
347847,2,5,7,-3
347856,6,3,9,3
347848,6,3,9,3
347861,7,1,8,6
347868,5,7,12,-2
347870,2,4,6,-2
347859,3,2,5,1
347862,4,3,7,1
347871,7,8,15,-1
347864,1,2,3,-1
347857,0,2,2,-2
347860,3,4,7,-1
347858,3,10,13,-7
347863,6,1,7,5
347869,4,2,6,2
347865,7,8,15,-1
347867,6,1,7,5
347866,5,7,12,-2
347879,5,3,8,2
347882,5,13,18,-8
347872,5,7,12,-2
347875,7,6,13,1
347883,8,0,8,8
347881,3,1,4,2
347873,6,7,13,-1
347884,7,4,11,3
347876,6,14,20,-8
347880,10,9,19,1
347878,7,2,9,5
347874,4,2,6,2
347877,3,1,4,2
347886,3,6,9,-3
347885,2,1,3,1
347887,5,2,7,3
347889,1,4,5,-3
347890,1,3,4,-2
347888,3,4,7,-1
347895,3,6,9,-3
347892,5,7,12,-2
347900,3,4,7,-1
347891,14,8,22,6
347896,4,11,15,-7
347901,1,5,6,-4
347902,2,4,6,-2
347899,13,5,18,8
347893,4,3,7,1
347897,4,5,9,-1
347903,3,9,12,-6
347894,3,7,10,-4
347904,9,4,13,5
347905,5,6,11,-1
347898,6,2,8,4
347916,3,0,3,3
347917,3,5,8,-2
347909,0,5,5,-5
347919,4,2,6,2
347911,3,5,8,-2
347910,4,3,7,1
347907,2,3,5,-1
347915,8,5,13,3
347906,7,4,11,3
347914,3,4,7,-1
347908,3,4,7,-1
347912,3,0,3,3
347918,5,4,9,1
347920,2,4,6,-2
347913,7,5,12,2
347925,2,0,2,2
347921,3,1,4,2
347927,7,2,9,5
347922,3,2,5,1
346956,3,2,5,1
347923,3,7,10,-4
347926,4,7,11,-3
347924,1,3,4,-2
347928,4,6,10,-2
347936,3,4,7,-1
347935,3,10,13,-7
347940,6,4,10,2
347933,6,3,9,3
347939,5,7,12,-2
347941,9,2,11,7
347930,0,3,3,-3
347931,0,4,4,-4
347929,4,2,6,2
347934,9,3,12,6
347937,1,4,5,-3
347938,1,6,7,-5
347942,4,5,9,-1
347943,16,1,17,15
347957,1,5,6,-4
347955,7,1,8,6
347956,6,2,8,4
347945,5,11,16,-6
347944,7,2,9,5
347954,1,2,3,-1
347950,2,6,8,-4
347948,4,3,7,1
347958,1,7,8,-6
347946,5,3,8,2
347949,3,4,7,-1
347947,6,4,10,2
347952,3,11,14,-8
347951,1,2,3,-1
347953,3,4,7,-1
347971,13,2,15,11
347972,2,6,8,-4
347970,4,5,9,-1
347960,2,6,8,-4
347965,1,2,3,-1
347963,1,3,4,-2
347959,3,1,4,2
347964,9,8,17,1
347962,4,0,4,4
347961,2,3,5,-1
347969,5,7,12,-2
347973,7,6,13,1
347968,5,2,7,3
347967,1,6,7,-5
347966,2,4,6,-2
347979,3,8,11,-5
347975,5,10,15,-5
347974,4,5,9,-1
347980,0,4,4,-4
347978,12,0,12,12
347976,10,4,14,6
347989,3,1,4,2
347987,4,0,4,4
347995,7,6,13,1
347981,1,9,10,-8
347990,1,4,5,-3
347992,0,3,3,-3
347986,3,11,14,-8
347991,9,2,11,7
347984,6,5,11,1
347994,8,0,8,8
347982,2,5,7,-3
347988,7,3,10,4
347985,8,0,8,8
347983,7,8,15,-1
347993,1,5,6,-4
348002,4,1,5,3
348004,5,6,11,-1
348010,6,2,8,4
347996,5,3,8,2
348005,1,2,3,-1
348007,2,3,5,-1
347997,4,2,6,2
348001,6,3,9,3
348006,4,2,6,2
347999,5,6,11,-1
348000,10,8,18,2
348009,1,4,5,-3
348003,3,2,5,1
347998,3,1,4,2
348008,12,2,14,10
348017,5,8,13,-3
348011,5,4,9,1
348020,2,8,10,-6
348019,6,4,10,2
348014,7,10,17,-3
348024,7,5,12,2
348012,2,3,5,-1
348018,9,5,14,4
348013,0,1,1,-1
348025,11,1,12,10
348016,4,3,7,1
348021,4,5,9,-1
348015,5,9,14,-4
348023,5,6,11,-1
348034,6,2,8,4
348030,7,0,7,7
348035,5,8,13,-3
348037,4,5,9,-1
348026,2,3,5,-1
348038,0,4,4,-4
348036,4,2,6,2
348028,3,8,11,-5
348031,5,10,15,-5
348033,6,3,9,3
348039,12,5,17,7
348040,1,4,5,-3
348029,0,5,5,-5
348027,6,2,8,4
348032,10,2,12,8
348041,4,5,9,-1
348054,6,0,6,6
348050,3,4,7,-1
348048,4,5,9,-1
348045,9,4,13,5
348051,1,4,5,-3
348052,4,5,9,-1
348053,4,13,17,-9
348047,2,4,6,-2
348046,9,5,14,4
348055,13,4,17,9
348043,0,3,3,-3
348049,6,7,13,-1
348042,7,9,16,-2
348044,1,11,12,-10
348060,6,9,15,-3
348056,2,1,3,1
348067,5,11,16,-6
348066,3,1,4,2
348065,7,11,18,-4
348068,3,7,10,-4
348058,1,3,4,-2
348063,10,4,14,6
348069,2,1,3,1
348070,2,3,5,-1
348064,3,4,7,-1
348061,4,5,9,-1
348062,4,1,5,3
348059,1,6,7,-5
348057,0,3,3,-3
348072,4,2,6,2
348077,2,1,3,1
348078,8,5,13,3
348079,2,3,5,-1
348073,5,1,6,4
348075,4,7,11,-3
348080,7,1,8,6
347511,8,2,10,6
348081,3,4,7,-1
348074,6,1,7,5
348071,4,2,6,2
348082,4,11,15,-7
348076,4,3,7,1
348090,2,1,3,1
348091,8,4,12,4
348092,0,3,3,-3
348093,2,4,6,-2
348086,3,1,4,2
348084,11,4,15,7
348088,1,4,5,-3
348094,6,4,10,2
348083,2,7,9,-5
348095,0,2,2,-2
348096,5,9,14,-4
348087,6,1,7,5
348085,1,2,3,-1
348097,11,8,19,3
348089,10,6,16,4
348108,2,6,8,-4
348109,6,2,8,4
348104,7,2,9,5
348105,0,5,5,-5
348106,1,6,7,-5
348107,5,4,9,1
348110,5,1,6,4
348101,1,8,9,-7
348099,5,8,13,-3
348103,3,4,7,-1
348098,13,2,15,11
348111,4,5,9,-1
348102,7,5,12,2
348100,5,4,9,1
348112,11,4,15,7
348121,2,4,6,-2
348117,3,4,7,-1
348115,4,8,12,-4
348113,6,3,9,3
348122,8,7,15,1
348120,1,3,4,-2
348123,1,3,4,-2
348114,5,6,11,-1
348119,0,3,3,-3
348116,3,5,8,-2
348124,1,6,7,-5
348118,4,2,6,2
348133,3,2,5,1
348128,0,3,3,-3
348131,2,3,5,-1
348135,5,8,13,-3
348130,0,2,2,-2
348134,2,7,9,-5
348127,2,1,3,1
348137,3,8,11,-5
348126,4,2,6,2
348129,1,2,3,-1
348125,4,2,6,2
348139,3,0,3,3
348138,3,8,11,-5
348132,10,1,11,9
348147,4,1,5,3
348152,7,3,10,4
348142,2,5,7,-3
348144,3,4,7,-1
348145,3,5,8,-2
348143,0,1,1,-1
348148,2,4,6,-2
348150,4,6,10,-2
348151,7,1,8,6
348154,1,2,3,-1
348141,0,3,3,-3
348140,0,6,6,-6
348149,9,0,9,9
348146,4,5,9,-1
348159,4,6,10,-2
348161,10,4,14,6
348165,0,5,5,-5
348167,5,2,7,3
348162,4,2,6,2
348166,4,7,11,-3
348156,8,4,12,4
348168,3,4,7,-1
348158,0,5,5,-5
348155,2,3,5,-1
348157,3,1,4,2
348169,3,4,7,-1
348163,1,10,11,-9
348160,5,1,6,4
348164,10,6,16,4
348177,3,2,5,1
348183,8,5,13,3
348181,3,5,8,-2
348180,13,8,21,5
348178,2,4,6,-2
348173,3,1,4,2
348176,0,1,1,-1
348182,10,7,17,3
348175,2,3,5,-1
348172,6,4,10,2
348184,0,2,2,-2
348185,6,9,15,-3
348174,3,1,4,2
348179,1,4,5,-3
348171,0,2,2,-2
348200,4,3,7,1
348196,4,5,9,-1
348197,4,5,9,-1
348187,6,10,16,-4
348194,5,2,7,3
348192,3,1,4,2
348191,5,6,11,-1
348199,4,2,6,2
348190,2,3,5,-1
348193,0,6,6,-6
348198,5,3,8,2
348189,3,9,12,-6
348188,7,4,11,3
348195,0,2,2,-2
348186,3,4,7,-1
348213,4,3,7,1
348211,3,2,5,1
348210,0,5,5,-5
348207,9,2,11,7
348206,4,1,5,3
348212,12,5,17,7
348205,7,1,8,6
348202,1,3,4,-2
348214,0,1,1,-1
348215,2,3,5,-1
348209,6,0,6,6
348201,3,1,4,2
348204,3,4,7,-1
348203,4,2,6,2
348208,7,8,15,-1
348225,6,5,11,1
348223,0,3,3,-3
348227,14,5,19,9
348226,3,0,3,3
348216,2,1,3,1
348217,9,2,11,7
348224,4,3,7,1
348220,7,3,10,4
348228,5,3,8,2
348221,3,1,4,2
348218,4,2,6,2
348222,4,3,7,1
348229,1,2,3,-1
348219,11,0,11,11
348239,5,1,6,4
348241,10,9,19,1
348240,2,6,8,-4
348230,1,4,5,-3
348237,5,4,9,1
348231,2,3,5,-1
348238,4,5,9,-1
348234,6,2,8,4
348242,6,2,8,4
348243,1,4,5,-3
348235,4,2,6,2
348232,4,10,14,-6
348236,10,3,13,7
348244,3,4,7,-1
348253,4,3,7,1
348251,0,1,1,-1
348259,10,1,11,9
348254,4,2,6,2
348256,8,3,11,5
348255,5,1,6,4
348245,8,2,10,6
348252,1,3,4,-2
348246,3,4,7,-1
348249,6,2,8,4
348257,1,3,4,-2
348258,3,11,14,-8
348250,1,2,3,-1
348247,7,6,13,1
348248,8,3,11,5
348261,4,7,11,-3
348267,7,9,16,-2
348266,2,0,2,2
348264,4,7,11,-3
348269,10,8,18,2
348265,5,3,8,2
348270,0,4,4,-4
348271,1,3,4,-2
348262,1,7,8,-6
348263,1,3,4,-2
348260,8,3,11,5
348272,5,2,7,3
348273,2,8,10,-6
348275,0,6,6,-6
348284,8,11,19,-3
348283,10,6,16,4
348285,6,12,18,-6
348280,1,2,3,-1
348286,0,2,2,-2
348282,1,4,5,-3
348277,5,1,6,4
348278,3,8,11,-5
348281,0,10,10,-10
348274,4,6,10,-2
348287,1,2,3,-1
348288,3,2,5,1
348276,3,2,5,1
348300,1,0,1,1
348302,8,6,14,2
348296,1,4,5,-3
348289,1,3,4,-2
348299,0,2,2,-2
348295,4,0,4,4
348290,7,3,10,4
348301,0,1,1,-1
348297,0,10,10,-10
348293,1,0,1,1
348303,7,4,11,3
348298,12,3,15,9
348294,7,5,12,2
348291,1,0,1,1
348292,1,4,5,-3
348315,0,6,6,-6
348314,5,6,11,-1
348316,1,2,3,-1
348311,4,12,16,-8
348317,2,3,5,-1
348305,5,0,5,5
348310,1,14,15,-13
348308,4,2,6,2
348304,6,10,16,-4
348306,2,1,3,1
348307,0,1,1,-1
348312,1,0,1,1
348318,4,6,10,-2
348309,5,6,11,-1
348313,2,5,7,-3
348268,2,1,3,1
348324,2,9,11,-7
348319,3,4,7,-1
348320,2,3,5,-1
348322,8,9,17,-1
348326,6,5,11,1
348323,5,0,5,5
348325,4,9,13,-5
348321,1,2,3,-1
348332,3,4,7,-1
348339,3,7,10,-4
348329,4,7,11,-3
348338,1,5,6,-4
348335,2,8,10,-6
348328,2,5,7,-3
348331,3,11,14,-8
348340,4,2,6,2
348327,11,14,25,-3
348333,7,2,9,5
348337,5,0,5,5
348330,2,4,6,-2
348341,2,3,5,-1
348354,1,11,12,-10
348353,5,2,7,3
348345,4,1,5,3
348347,11,0,11,11
348352,4,5,9,-1
348355,9,2,11,7
348344,5,6,11,-1
348351,4,5,9,-1
348343,7,0,7,7
348346,0,9,9,-9
348356,2,3,5,-1
348342,1,2,3,-1
348349,1,6,7,-5
348348,4,3,7,1
348350,3,0,3,3
348357,1,6,7,-5
348365,0,3,3,-3
348360,7,2,9,5
348359,3,6,9,-3
348363,13,0,13,13
347524,1,7,8,-6
348366,2,1,3,1
348362,7,8,15,-1
348358,2,11,13,-9
348361,6,4,10,2
348364,2,8,10,-6
348372,6,2,8,4
348369,4,2,6,2
348374,8,11,19,-3
348379,6,4,10,2
348368,1,2,3,-1
348367,7,6,13,1
348371,2,4,6,-2
348376,13,3,16,10
348375,4,1,5,3
348380,0,10,10,-10
348370,3,4,7,-1
348381,4,1,5,3
348377,8,3,11,5
348378,5,7,12,-2
348373,2,7,9,-5
348386,4,3,7,1
348387,3,0,3,3
348392,2,4,6,-2
348395,5,4,9,1
348384,2,5,7,-3
348389,8,4,12,4
348383,0,3,3,-3
348382,2,5,7,-3
348391,3,8,11,-5
348390,1,2,3,-1
348385,4,6,10,-2
348396,4,3,7,1
348394,3,0,3,3
348388,3,0,3,3
348393,3,7,10,-4
348398,2,3,5,-1
348401,6,2,8,4
348406,15,2,17,13
348409,2,0,2,2
348397,0,4,4,-4
348399,1,5,6,-4
348404,3,2,5,1
348405,3,4,7,-1
348400,2,3,5,-1
348411,5,8,13,-3
348402,1,0,1,1
348408,6,5,11,1
348407,4,0,4,4
348403,3,6,9,-3
348410,4,1,5,3
348414,4,2,6,2
348419,3,2,5,1
348412,3,2,5,1
348413,0,2,2,-2
348416,0,13,13,-13
348417,1,8,9,-7
348418,5,2,7,3
348420,3,1,4,2
348415,2,4,6,-2
348425,5,1,6,4
348433,8,9,17,-1
348421,2,1,3,1
348426,3,4,7,-1
348424,2,3,5,-1
348430,1,3,4,-2
348423,15,10,25,5
348428,7,0,7,7
348429,2,3,5,-1
348434,1,5,6,-4
348431,1,6,7,-5
348432,8,3,11,5
348422,4,1,5,3
348435,7,2,9,5
348427,3,1,4,2
348445,5,6,11,-1
348437,10,3,13,7
348450,7,9,16,-2
348440,6,5,11,1
348448,5,2,7,3
348436,6,3,9,3
348441,2,4,6,-2
348439,0,5,5,-5
348438,7,5,12,2
348443,2,5,7,-3
348444,5,6,11,-1
348449,13,4,17,9
348446,8,9,17,-1
348447,10,3,13,7
348442,6,1,7,5
348452,1,2,3,-1
348454,4,5,9,-1
348456,1,12,13,-11
348455,1,4,5,-3
348453,10,3,13,7
348451,1,5,6,-4
348457,5,1,6,4
348458,5,2,7,3
348465,2,9,11,-7
348461,3,4,7,-1
348469,14,6,20,8
348467,2,7,9,-5
348462,0,5,5,-5
348460,6,9,15,-3
348468,9,5,14,4
348470,3,0,3,3
348466,1,10,11,-9
348464,4,5,9,-1
348472,6,7,13,-1
348471,10,5,15,5
348459,5,2,7,3
348477,9,3,12,6
348487,4,5,9,-1
348474,2,3,5,-1
348485,0,5,5,-5
348480,4,5,9,-1
348473,7,2,9,5
348482,5,8,13,-3
348475,5,3,8,2
348484,3,1,4,2
348486,5,4,9,1
348478,1,0,1,1
348476,6,5,11,1
348481,4,1,5,3
348483,4,6,10,-2
348479,10,0,10,10
348488,5,6,11,-1
348491,4,5,9,-1
348500,6,4,10,2
348497,2,3,5,-1
348492,4,9,13,-5
348490,3,4,7,-1
348499,6,1,7,5
348493,5,2,7,3
348501,4,8,12,-4
348489,10,2,12,8
348494,9,5,14,4
348496,2,3,5,-1
348502,0,2,2,-2
348495,0,6,6,-6
348498,2,8,10,-6
348512,5,1,6,4
348511,2,1,3,1
348503,1,2,3,-1
348509,5,1,6,4
348505,2,0,2,2
348506,0,3,3,-3
348507,2,6,8,-4
348508,2,6,8,-4
348510,2,14,16,-12
348504,6,7,13,-1
348513,2,4,6,-2
348525,2,4,6,-2
348514,7,14,21,-7
348526,4,2,6,2
348524,5,4,9,1
348522,1,3,4,-2
348516,6,4,10,2
348521,5,1,6,4
348517,5,2,7,3
348518,3,4,7,-1
348520,1,0,1,1
348527,3,4,7,-1
348523,7,5,12,2
348515,3,4,7,-1
348519,5,4,9,1
348528,2,4,6,-2
348532,9,8,17,1
348533,6,4,10,2
348535,5,2,7,3
348531,5,0,5,5
348538,2,4,6,-2
348530,4,5,9,-1
348540,5,6,11,-1
348529,3,11,14,-8
348541,3,4,7,-1
348539,4,5,9,-1
348537,3,6,9,-3
348536,4,5,9,-1
348542,5,1,6,4
348534,2,1,3,1
348543,4,5,9,-1
348544,8,4,12,4
348551,5,6,11,-1
348546,0,5,5,-5
348550,4,3,7,1
348552,1,2,3,-1
348547,1,4,5,-3
348549,1,7,8,-6
348545,3,4,7,-1
348553,2,1,3,1
348548,4,1,5,3
348563,0,7,7,-7
348557,6,3,9,3
348554,2,6,8,-4
348566,4,0,4,4
348564,4,5,9,-1
348567,14,10,24,4
348560,10,3,13,7
348565,2,3,5,-1
348562,3,1,4,2
348555,5,2,7,3
348568,6,7,13,-1
348558,8,2,10,6
348556,2,3,5,-1
348561,5,2,7,3
348569,15,5,20,10
348579,4,0,4,4
348576,1,6,7,-5
348573,4,8,12,-4
348582,5,0,5,5
348575,5,6,11,-1
348580,6,2,8,4
348581,8,7,15,1
348570,8,5,13,3
348583,6,4,10,2
348571,0,2,2,-2
348578,3,15,18,-12
348577,2,8,10,-6
348574,5,6,11,-1
348572,7,1,8,6
348589,3,6,9,-3
348596,5,6,11,-1
348587,2,7,9,-5
348584,4,2,6,2
348597,2,3,5,-1
348595,1,2,3,-1
348594,1,2,3,-1
348585,5,2,7,3
348598,9,1,10,8
348593,6,1,7,5
348592,4,3,7,1
348588,7,5,12,2
348586,3,7,10,-4
348591,3,4,7,-1
348590,9,6,15,3
346920,6,1,7,5
348605,4,3,7,1
348607,4,5,9,-1
348599,3,5,8,-2
348608,2,6,8,-4
348606,1,11,12,-10
348602,5,16,21,-11
348609,8,5,13,3
348601,5,2,7,3
348604,1,2,3,-1
348603,3,1,4,2
348600,7,0,7,7
348619,7,4,11,3
348622,5,3,8,2
348616,6,3,9,3
348610,5,2,7,3
348611,3,5,8,-2
348623,6,4,10,2
348621,4,2,6,2
348615,2,4,6,-2
348613,2,0,2,2
348624,3,6,9,-3
348614,4,1,5,3
348618,7,4,11,3
348617,8,1,9,7
348612,2,3,5,-1
348626,4,1,5,3
348637,8,6,14,2
348633,5,3,8,2
348627,12,1,13,11
348632,1,2,3,-1
348629,3,1,4,2
348634,2,4,6,-2
348638,3,4,7,-1
348635,2,4,6,-2
348631,1,7,8,-6
348625,7,10,17,-3
348639,4,1,5,3
348636,11,6,17,5
348630,4,5,9,-1
348628,5,2,7,3
348640,1,2,3,-1
348646,6,0,6,6
348644,3,5,8,-2
348642,7,6,13,1
348645,5,4,9,1
348647,4,5,9,-1
348641,4,3,7,1
348648,2,6,8,-4
348643,10,5,15,5
348654,7,9,16,-2
348652,5,1,6,4
348659,3,4,7,-1
348650,6,1,7,5
348660,3,2,5,1
348653,2,7,9,-5
348651,6,4,10,2
348658,11,10,21,1
348657,4,12,16,-8
348656,11,5,16,6
348661,1,3,4,-2
348663,0,2,2,-2
348649,6,8,14,-2
348662,2,0,2,2
348655,3,1,4,2
348666,4,2,6,2
348668,3,0,3,3
348672,2,1,3,1
348670,2,7,9,-5
348677,12,7,19,5
348676,7,2,9,5
348675,5,8,13,-3
348674,2,3,5,-1
348678,0,3,3,-3
348671,2,4,6,-2
348669,3,6,9,-3
348665,2,6,8,-4
348667,3,2,5,1
348673,3,6,9,-3
348664,5,1,6,4
348683,1,3,4,-2
348681,11,3,14,8
348690,4,3,7,1
348682,3,1,4,2
348685,3,10,13,-7
348691,5,9,14,-4
348684,3,2,5,1
348689,4,6,10,-2
348688,2,1,3,1
348687,2,5,7,-3
348692,5,2,7,3
348686,0,4,4,-4
348680,2,3,5,-1
348693,7,1,8,6
348679,8,1,9,7
347167,1,11,12,-10
348699,6,8,14,-2
348741,2,5,7,-3
348695,8,6,14,2
348696,2,1,3,1
348694,10,8,18,2
348698,1,6,7,-5
348697,1,6,7,-5
348700,2,6,8,-4
348701,8,3,11,5
348707,1,2,3,-1
348708,7,6,13,1
348713,7,1,8,6
348703,2,13,15,-11
348702,6,5,11,1
348710,0,5,5,-5
348704,0,2,2,-2
348706,6,1,7,5
348705,3,4,7,-1
348714,1,6,7,-5
348712,5,3,8,2
348711,9,10,19,-1
348715,3,2,5,1
348716,4,3,7,1
348731,0,4,4,-4
348728,12,4,16,8
348722,3,4,7,-1
348723,1,7,8,-6
348729,2,7,9,-5
348724,14,4,18,10
348718,3,4,7,-1
348717,1,4,5,-3
348725,6,2,8,4
348719,2,3,5,-1
348721,8,1,9,7
348720,1,6,7,-5
348730,10,0,10,10
348727,4,5,9,-1
348726,5,1,6,4
348738,6,7,13,-1
348732,2,0,2,2
348735,3,1,4,2
348739,3,11,14,-8
348736,0,9,9,-9
348737,4,0,4,4
348733,3,2,5,1
348734,1,3,4,-2
348740,3,2,5,1
348749,6,5,11,1
348748,3,2,5,1
348752,0,5,5,-5
348742,5,8,13,-3
348754,2,3,5,-1
348743,3,4,7,-1
348746,1,2,3,-1
348747,3,2,5,1
348750,7,1,8,6
348755,5,0,5,5
348744,6,9,15,-3
348751,1,0,1,1
348753,3,4,7,-1
348756,2,9,11,-7
348758,0,2,2,-2
348771,2,4,6,-2
348765,3,4,7,-1
348764,11,3,14,8
348769,1,7,8,-6
348761,5,10,15,-5
348767,3,1,4,2
348759,2,7,9,-5
348762,4,5,9,-1
348757,6,5,11,1
348763,1,2,3,-1
348760,8,3,11,5
348768,3,4,7,-1
348770,1,2,3,-1
348766,1,2,3,-1
348772,7,3,10,4
348785,5,0,5,5
348775,4,0,4,4
348783,7,2,9,5
348773,6,7,13,-1
348781,0,2,2,-2
348786,5,3,8,2
348779,1,7,8,-6
348777,4,2,6,2
348784,1,5,6,-4
348774,4,7,11,-3
348780,1,2,3,-1
348782,8,2,10,6
348776,7,0,7,7
348778,5,6,11,-1
348788,1,9,10,-8
348796,2,7,9,-5
348793,5,13,18,-8
348789,3,0,3,3
348794,1,3,4,-2
348792,10,6,16,4
348800,5,2,7,3
348791,4,3,7,1
348795,1,4,5,-3
348787,7,2,9,5
348798,2,4,6,-2
348790,10,8,18,2
348799,4,1,5,3
348801,2,3,5,-1
348797,2,11,13,-9
348802,3,4,7,-1
348815,9,6,15,3
348803,4,6,10,-2
348804,1,2,3,-1
348811,0,1,1,-1
348808,1,3,4,-2
348806,6,2,8,4
348809,3,4,7,-1
348807,9,6,15,3
348816,4,3,7,1
348805,7,4,11,3
348814,10,4,14,6
348812,7,1,8,6
348813,5,1,6,4
348810,2,3,5,-1
348823,5,2,7,3
348822,5,6,11,-1
348821,7,9,16,-2
348828,4,11,15,-7
348829,3,4,7,-1
348825,13,5,18,8
348817,4,6,10,-2
348830,3,2,5,1
348818,5,6,11,-1
348819,4,20,24,-16
348826,5,4,9,1
348824,6,4,10,2
348831,3,9,12,-6
348820,5,7,12,-2
348827,3,1,4,2
348836,6,7,13,-1
348834,1,3,4,-2
348833,9,8,17,1
348837,2,6,8,-4
348835,3,2,5,1
348838,2,6,8,-4
348832,4,2,6,2
348846,5,8,13,-3
348847,1,8,9,-7
348850,1,2,3,-1
348841,0,4,4,-4
348840,12,8,20,4
348845,2,3,5,-1
348851,0,7,7,-7
348843,16,2,18,14
348849,6,5,11,1
348852,8,12,20,-4
348844,5,7,12,-2
348848,5,6,11,-1
348842,3,4,7,-1
348853,4,6,10,-2
348839,0,3,3,-3
348860,3,4,7,-1
348856,3,4,7,-1
348855,13,9,22,4
348859,1,2,3,-1
348861,5,3,8,2
348862,4,9,13,-5
348867,5,6,11,-1
348858,3,4,7,-1
348866,11,2,13,9
348868,9,2,11,7
348863,0,5,5,-5
348857,1,2,3,-1
348854,2,1,3,1
348865,3,8,11,-5
348864,2,6,8,-4
348877,2,1,3,1
348870,3,4,7,-1
348880,6,4,10,2
348881,2,3,5,-1
348871,4,2,6,2
348873,2,5,7,-3
348879,2,0,2,2
348882,2,9,11,-7
348876,3,1,4,2
348878,4,3,7,1
348874,2,7,9,-5
348869,2,3,5,-1
348872,2,5,7,-3
348883,4,1,5,3
348875,2,3,5,-1
348887,3,4,7,-1
348888,2,4,6,-2
348884,2,0,2,2
348890,9,0,9,9
346951,3,6,9,-3
348891,5,2,7,3
348889,1,0,1,1
348886,1,5,6,-4
348892,1,8,9,-7
348893,6,4,10,2
348885,2,3,5,-1
348898,6,3,9,3
348903,8,2,10,6
348899,7,5,12,2
348904,12,6,18,6
348895,9,1,10,8
348902,6,3,9,3
348894,2,0,2,2
348905,4,3,7,1
348901,5,4,9,1
348900,3,4,7,-1
348897,9,1,10,8
348906,2,4,6,-2
348907,3,5,8,-2
348908,13,2,15,11
348896,9,8,17,1
348913,6,2,8,4
348910,0,6,6,-6
348916,7,5,12,2
348911,3,4,7,-1
348918,2,4,6,-2
348914,5,4,9,1
348919,5,4,9,1
348917,3,0,3,3
348909,7,3,10,4
348920,2,5,7,-3
348915,18,3,21,15
348912,1,0,1,1
348921,1,5,6,-4
348922,4,1,5,3
348923,6,1,7,5
348930,6,1,7,5
348929,7,2,9,5
348928,8,2,10,6
348925,1,3,4,-2
348931,5,10,15,-5
348927,6,5,11,1
348932,4,3,7,1
348924,3,4,7,-1
348926,14,3,17,11
348933,5,3,8,2
348934,2,3,5,-1
348937,3,1,4,2
348936,5,4,9,1
348943,1,6,7,-5
348946,5,3,8,2
348939,3,6,9,-3
348940,3,4,7,-1
348941,4,8,12,-4
348944,4,3,7,1
348942,9,8,17,1
348935,7,9,16,-2
348945,3,0,3,3
348947,1,5,6,-4
348948,1,2,3,-1
348938,7,5,12,2
348949,4,2,6,2
348958,1,0,1,1
348957,1,5,6,-4
348952,7,3,10,4
348964,3,4,7,-1
348951,1,2,3,-1
348959,5,4,9,1
348955,1,0,1,1
348950,6,2,8,4
348963,7,0,7,7
348960,1,2,3,-1
348953,8,1,9,7
348961,4,1,5,3
348954,2,9,11,-7
348962,19,3,22,16
348977,3,1,4,2
348969,2,3,5,-1
348970,0,1,1,-1
348966,2,3,5,-1
348973,2,11,13,-9
348974,4,0,4,4
348965,2,1,3,1
348976,4,6,10,-2
348967,7,1,8,6
348978,5,6,11,-1
348979,2,12,14,-10
348972,5,1,6,4
348968,2,8,10,-6
348975,4,3,7,1
348971,2,9,11,-7
348986,2,0,2,2
348990,2,12,14,-10
348987,2,4,6,-2
348989,2,6,8,-4
348982,6,1,7,5
348983,1,7,8,-6
348985,1,12,13,-11
348991,1,6,7,-5
348988,2,6,8,-4
348984,1,2,3,-1
348980,12,1,13,11
348999,5,2,7,3
349004,4,6,10,-2
349005,0,2,2,-2
349000,2,6,8,-4
348994,3,2,5,1
349001,8,5,13,3
349003,7,1,8,6
348995,10,0,10,10
348996,5,3,8,2
348998,3,4,7,-1
349006,3,4,7,-1
349002,11,4,15,7
348997,9,3,12,6
348992,1,2,3,-1
349013,4,3,7,1
349007,5,4,9,1
349014,3,2,5,1
349008,5,2,7,3
349019,4,3,7,1
349020,4,3,7,1
349015,8,0,8,8
349009,5,3,8,2
349016,4,5,9,-1
349018,3,4,7,-1
349010,6,5,11,1
349011,2,7,9,-5
349021,0,7,7,-7
349017,4,3,7,1
349012,4,9,13,-5
349027,1,10,11,-9
349028,4,5,9,-1
349029,2,1,3,1
349032,5,1,6,4
349030,6,7,13,-1
349024,7,6,13,1
349023,1,2,3,-1
349025,2,3,5,-1
349033,2,6,8,-4
349022,1,3,4,-2
349031,8,2,10,6
349026,6,8,14,-2
349035,9,5,14,4
349038,6,5,11,1
349047,6,4,10,2
349041,0,8,8,-8
349044,1,5,6,-4
349037,5,12,17,-7
349036,4,5,9,-1
349046,3,6,9,-3
349034,4,9,13,-5
349045,1,2,3,-1
349048,7,6,13,1
349043,2,3,5,-1
349042,0,11,11,-11
349040,0,2,2,-2
349051,1,5,6,-4
349059,0,6,6,-6
349057,1,9,10,-8
349050,1,3,4,-2
349054,1,4,5,-3
349053,2,4,6,-2
349052,6,7,13,-1
349061,3,1,4,2
349062,4,2,6,2
349060,7,2,9,5
349049,7,2,9,5
349055,4,0,4,4
349058,5,6,11,-1
349069,2,9,11,-7
349074,2,1,3,1
349067,6,3,9,3
349068,11,3,14,8
349076,2,5,7,-3
349077,4,3,7,1
349066,1,3,4,-2
349075,0,4,4,-4
349065,5,2,7,3
349073,3,2,5,1
349072,7,11,18,-4
349064,13,9,22,4
349070,1,0,1,1
349078,4,6,10,-2
349080,4,5,9,-1
349084,2,3,5,-1
349087,0,4,4,-4
349083,5,0,5,5
349086,2,1,3,1
349082,0,12,12,-12
349081,3,4,7,-1
347729,2,3,5,-1
349088,3,4,7,-1
349085,10,5,15,5
349079,1,4,5,-3
349089,6,5,11,1
349101,3,2,5,1
349092,4,5,9,-1
349100,7,0,7,7
349097,4,2,6,2
349102,2,1,3,1
349096,2,3,5,-1
349099,8,2,10,6
349094,2,3,5,-1
349093,4,2,6,2
349103,0,2,2,-2
349091,3,8,11,-5
349098,0,3,3,-3
349090,2,1,3,1
349104,0,4,4,-4
349095,2,1,3,1
349112,1,0,1,1
349117,1,4,5,-3
349114,2,4,6,-2
349113,1,3,4,-2
349116,5,9,14,-4
349107,2,7,9,-5
349115,8,3,11,5
349119,2,3,5,-1
349111,4,0,4,4
349109,3,7,10,-4
349108,1,0,1,1
349106,15,5,20,10
349105,2,12,14,-10
349118,0,6,6,-6
349110,4,6,10,-2
349121,2,3,5,-1
349128,2,3,5,-1
349127,4,0,4,4
349126,1,7,8,-6
349125,4,2,6,2
349120,5,6,11,-1
349122,6,5,11,1
349123,3,2,5,1
349124,2,3,5,-1
349130,12,3,15,9
349139,3,6,9,-3
349136,4,1,5,3
349140,2,3,5,-1
349133,4,2,6,2
349135,0,1,1,-1
349129,3,5,8,-2
349131,12,6,18,6
349132,6,1,7,5
349134,3,2,5,1
349141,0,7,7,-7
349138,8,4,12,4
349142,0,11,11,-11
349143,8,2,10,6
349137,3,7,10,-4
349144,4,7,11,-3
349154,8,3,11,5
349157,2,7,9,-5
349147,5,1,6,4
349155,9,3,12,6
349152,5,7,12,-2
349150,4,2,6,2
349146,2,6,8,-4
349145,5,6,11,-1
349153,5,4,9,1
349149,5,6,11,-1
349158,1,2,3,-1
349151,2,1,3,1
349156,2,0,2,2
349148,1,0,1,1
349170,7,6,13,1
349167,4,2,6,2
349171,0,1,1,-1
349164,2,3,5,-1
349160,6,7,13,-1
349166,5,12,17,-7
349161,5,1,6,4
349163,4,1,5,3
349165,5,1,6,4
349172,0,4,4,-4
349159,2,6,8,-4
349168,6,7,13,-1
349162,2,1,3,1
349169,2,3,5,-1
349173,9,0,9,9
385292,5,2,7,3
